800 12 0
788 12 5 10
780 24 25 0
710 12 18
688 26 0
423 9 10
361 0 5 12
340 3 18
339 9 3
338 16 13
286 0 12
286 25 9 0
270 14 18
235 12 5 10 5
234 0 9 10
217 26 0 5
217 0 5 12 5
213 9 15 1
209 4 10
206 12 5 10 12
198 12 10
186 12 5 10 1
185 5 12
179 0 12 5
179 0 5 4
174 12 0 24 25 9
156 5 1
154 4 12
152 9 12
134 12 18 5
130 4 5 4 9
128 14 0
127 5 0
125 4 1
120 12 0 5
120 14 4
118 14 12 5 18
118 4 10 12
112 4 26 0
112 16 3
101 7 5 24
96 9 25 15 0
94 9 15 19 12
91 25 3 5 23
90 24 13 0
90 16 9 0 5
88 4 13
88 12 10 5
87 26 13 0
85 14 5 9
85 24 1 3
83 3 9 1
81 16 5 4
80 4 12 0
79 14 0 5
78 12 5 10 13
76 3 5 1 10
75 3 7 0
70 14 25
69 5 15
69 11 12
68 24 25 18
67 24 25 0 5
67 4 9 4 9
67 16 13 5
67 24 25 0 10
65 3 5 18
65 16 10
65 14 1
65 11 12 13
65 3 7 9
64 14 4 12
64 5 9 4 9
64 14 3 0
64 8 19 25 13
64 26 18 3
64 22 24 0 4
63 4 15 25
61 16 9 0
61 23 3 21
60 16 9 1
59 14 18 5
59 9 19
59 5 13 18
58 4 13 4
58 16 1
58 12 10 1
58 14 5 9 1
56 24 25 1
56 3 7 9 4
56 5 5
55 4 6 4
55 14 9 15 25
55 14 9 13 12 5 18
55 4 0 5 4
54 11 5 26 1
54 4 13 5
53 26 9 1
53 4 24 5 26 4
53 24 5 0
50 9 15 0 5
50 0 18 24 0
50 26 5 25 18 12
49 26 5 13 0
49 14 9 13 9
49 24 7 0
49 11 24 3
48 16 9 0 12
48 4 15 0
47 12 18 9 12 1
47 4 26 0 5
47 26 9 24 1
46 5 4
46 12 5 10 1 5
46 5 9 12 18
45 18 1 24 0
45 12 10 12
45 9 25 18 13
45 3 18 5
45 26 1 25
44 0 12 19
44 14 9 15 4 5 10 4
44 0 5
43 0 9 4
43 9 15 0
43 16 10 5
43 9 12 18
42 4 12 5 18
42 9 13
42 24 13 0 5
42 9 12 0
42 14 2 5
41 4 18 25 24
41 14 9 4 5 12 0
41 14 18 4
41 1 12
41 4 13 7 12 13 4
41 4 6
40 14 9 13
40 9 19 12
40 22 24 0
40 0 5 1 9
40 4 13 0 1
40 9 24 1 3
40 0 5 4 5
40 14 5 9 4
39 14 9 13 9 4
39 5 24 25 19
38 4 3 18 4
38 24 7 0 5
38 3 7
38 12 0 12
38 3 9
38 14 9 1 24
37 0 1
37 1 5 26 10
37 18 24
36 26 5 0
36 9 15 25
36 25 19 15
36 14 9 1 24 4
36 12 5 10 12 5
36 4 9 4
36 9 15 1 5
36 4 10 1
35 18 1 25
35 14 5 12 25
35 4 3 5 4 9
34 4 25 18 9
34 9 15 1 12
34 22 24 0 1
33 9 25 19 15
33 5 15 12
33 11 25 5 7
33 20 0
33 4 25 0
33 12 5 10 4
33 9 15 19
33 16 9 13 0
32 5 3 5 1 10
32 4 13 4 12
32 9 7 5 24
32 16 4 5 10 4
32 4 25 5 13
32 9 12 10
31 9 1
31 16 9 18 9 1 25
31 5 4 18 24
31 14 4 9 12 18
31 11 5 24 1
31 4 13 25
31 9 13 18
31 25 5 15 0
30 26 5 0 13
30 14 9 12 0
30 4 10 3 5 1 10
30 25 9 0 12
30 4 10 5
30 12 1 26
30 4 10 13 18
29 16 9 24 26
29 5 1 12
29 16 5 9 12 18
29 5 1 5 26 10 9
29 25 0
29 7 5 24 5
29 1 5 8
29 3 9 13 26
29 3 18 1
29 14 9 25 5 3 23
28 26 18
28 4 24 25 18
28 9 3 5
28 5 3 9
28 9 7
28 4 9 4 5
28 9 4
28 24 1
28 25 15 18 15 5
27 4 25 18
27 4 18 1 25
27 4 12 0 4
27 9 15
27 24 25 0 4
27 20 0 5
27 24 1 2
27 16 5 4 12
27 4 9 12 18
27 16 18 13 12
26 7 5 24 1
26 5 15 13 13
26 26 9 24 1 1
26 4 13 7 12 13
26 24 18 25
26 1 4 6
26 12 5 23
26 4 5
26 9 1 0
26 4 13 4 1
25 26 7 0
25 25 5 12 25
25 26 3 18
25 5 9 15 19 12
25 16 4
25 14 9 18 25 24
25 26 18 1 25
25 12 5 3 2
25 24 21 9
25 25 9 0 4
25 24 1 3 4
25 4 13 4 5
25 16 19
25 4 13 7 12 13 12
25 9 15 5 3 0
25 16 13 0
25 16 5 24 4 0
24 1 24
24 4 25 18 13
24 18 25 24
24 10 10
24 14 5 9 12
24 5 26 5 0
24 12 18 13
24 26 1 25 4
24 4 10 13 25
24 26 5 7 5 24
23 4 9 4 15
23 5 25 19 15
23 0 21 9
23 4 15 4
23 14 9 25 3 5 23
23 0 1 24
23 16 18 10 5
23 26 5 13
23 25 3 5 23 4
23 12 9 7
23 4 13 25 0
23 14 2
23 9 10 0 12 13
23 14 12 5 18 12
23 12 0 24 25 9 1
22 4 10 9 15 19 12
22 9 24 25
22 12 5 10 10
22 14 4 1
22 20 17 10
22 5 25 3 5 23
22 20 12 0
22 26 1 25 1
22 9 10 5 15 0
22 4 12 10
22 14 5 24
22 4 5 4 9 12
22 0 5 12 1
22 14 4 24 1 0
22 24 1 3 9
22 4 15 9 1
22 14 5 9 1 5
22 4 15 13
22 25 3 23 13 4
22 25 9 0 5
22 18 3 9
22 9 21 23
22 4 5 21
21 6 24 1
21 0 4
21 7 5 10
21 18 2 15
21 0 5 12 4
21 0 4 12 0
21 12 25
21 9 5 12
21 26 9 24 1 4
21 14 9 9 7
21 3 18 12
21 9 1 12
21 0 10 12 13
21 26 9 1 1
21 5 19 0
21 14 5
21 3 17 7
21 6 0 5
21 26 21 18
20 4 9 4 26
20 9 7 0
20 18 25 19
20 4 13 18
20 16 5 9 21
20 16 5 4 1
20 26 5 9 4 12
20 24 23 25
20 9 13 9
20 3 7 0 1
20 12 5 18
20 1 5 25 9
20 24 19 17
20 23 9 3 21
20 3 7 9 1
20 3 1 18
20 4 15 25 1
20 12 10 1 5
20 5 24 0
20 9 3 10
20 11 13 18
20 2 12 19 5
20 14 9 13 25
20 8 19 25 13 4
19 7 1 6 13 4
19 12 1
19 1 24 7
19 23 3 21 4
19 3 7 9 12
19 1 5 25 12
19 4 13 12
19 14 9 13 1
19 9 15 25 4
19 14 10
19 26 1 25 7 13
19 14 24 1 0
19 24 5 4 8
19 24 5 13 0 12
19 4 25 5 12 25
19 9 4 5 12 18
19 5 13 25
19 5 24 13 0 5
19 9 13 5
19 14 4 5
19 3 18 5 13
19 8 19 25 13 5
19 9 10 5
19 4 10 26 13 0
19 14 9 5 2 4
19 26 21 18 1
18 26 18 1
18 24 25 19
18 0 5 1 26
18 0 3
18 14 9 5 2
18 0 13 12 18
18 1 1 12
18 5 9 25 18 13
18 4 0 9 4
18 14 9 13 26
18 1 5 24
18 9 25 0 24
18 4 3 15
18 14 1 12
18 22 23
18 26 13 0 1
18 5 15 1
18 14 9 24 21 13
18 4 25 13
18 14 12
18 1 9 1 17
18 1 24 18
18 0 21 13 9
18 12 0 24 25 9 12
18 24 19 18
18 24 13 0 9 5
18 26 9 1 4
18 26 7 26
17 9 26 12 1 12
17 24 9 18
17 0 13 8
17 26 5 24 21 5 21 7
17 9 4 5 12 0
17 9 8 19 25 13
17 26 13 0 4
17 4 10 1 12
17 11 24 17
17 8 19 25 13 1
17 16 13 25
17 9 9 9 9
17 25 15 0
17 9 15 13 13
17 1 5 24 5
17 26 12 5 18
17 14 9 25 15 0
17 26 9 1 12
17 23 5 7
17 12 5 3 2 4
17 0 5 12 12
17 5 26 13 0
17 0 5 1
17 25 25
17 9 15 9 18
17 24 5 1 18 1
17 4 13 0
17 0 9 13 25
17 7 23 9
16 14 3
16 7 5 15
16 4 18 1 24 0
16 12 5 13 2
16 26 0 5 6 4
16 9 3 1
16 18 24 4
16 14 4 9 25 18 13
16 14 10 12
16 9 15 19 13
16 9 10 12
16 23 24
16 14 9 24 25 18 5
16 3 9 13
16 4 26 15 0
16 9 15 18
16 14 5 9 13
16 5 24 1 3
16 9 19 1
16 16 5 5 18
16 0 24 1
16 9 3 9
16 16 9 15 25
16 24 19 17 1
16 14 9 13 18 4
16 24 0 25
16 16 5 25 12
16 16 1 13
16 9 10 12 13
16 3 1 12
16 18 24 6
16 0 15
16 14 12 5 10
16 24 25
16 0 1 4
16 11 5 26
15 1 5 23 18 9
15 14 9 13 18
15 16 9 3 0 1 5
15 14 9 15 4 5 10 4 5
15 16 5 15 0
15 5 25 18
15 26 5 24 9 24 25 1
15 14 26 5 0
15 0 9 1 15 4
15 7 26 19
15 14 5 23 13
15 9 12 13
15 5 0 5 1 9
15 24 19 10 12
15 12 10 13
15 14 5 9 5
15 5 13 12
15 0 5 4 4
15 4 25 13 7
15 4 18 1 25 1
15 1 9 25 4 12
15 2 12 19
15 4 6 5
15 4 15 25 4
15 4 0 5 4 5
15 4 10 9 12 0
15 16 9 15 23
15 4 10 9 25 18 13
15 0 9 12 9 12 1
15 7 21 15 12
15 25 3 23
15 5 9 4 5
15 24 25 0 1
15 16 9 3 0
15 14 25 4
15 7 21 15
15 5 18 13 25
14 24 25 0 10 5
14 26 10 12 12
14 9 19 10
14 14 25 1
14 5 10 24 3
14 9 25 15 0 5
14 5 4 9 19
14 0 13
14 3 5 17
14 9 26 18 3 9
14 1 5 24 1
14 4 10 24 18 13 4
14 9 5 2
14 26 13 0 5
14 12 18 12
14 16 26 15
14 25 9
14 14 9 15 19
14 8 19 25 13 10
14 12 0 24 25 9 13
14 18 13 25
14 26 18 4
14 5 9 4
14 8 19 25 13 12
14 16 12 0
14 9 15 1 13
14 26 24 13 0 5
14 9 25 3 23 13
14 9 12 5
14 24 9 18 4
14 26 9 5 4
14 9 18 9 1 25 4
14 9 6 24
14 6 5 18
14 3 9 12
14 14 9 13 25 4
14 12 10 0 9
14 14 9 26 25
14 14 5 23 9
14 4 26 18 5
14 5 24 25 1
14 26 1
14 14 3 0 4
14 25 5 3 23
14 0 5 1 12
14 14 18 12
13 4 12 9 12
13 26 0 5 4
13 4 12 10 12
13 5 10 12 4 26 9
13 16 26 9 5
13 4 12 0 1
13 4 6 13
13 5 12 5
13 9 15 13
13 9 1 1 12 1
13 12 10 5 9
13 6 0
13 9 1 1 12
13 26 9 15 25
13 14 9 12 12 7 4
13 3 5 17 1
13 24 4
13 4 18 24
13 9 26 9 0
13 26 5 24 21 5 21 7 1
13 14 3 23
13 9 10 24 3
13 17 13 7
13 25 13 25 4
13 0 12 1
13 14 9 4 12 0
13 14 5 26
13 9 4 12 0
13 5 12 10 25
13 23 5 3 21
13 14 9 25 25
13 0 5 4 12
13 26 0 4
13 14 9 25 5 12 25
13 11 24 3 1
13 4 25 25
13 4 26 25
13 5 9 12 0
13 5 26 9 24 1
13 5 12 24 5 2
13 16 5 13 4
13 4 12 5
13 4 9 15 10 25
13 9 10 24 3 1
13 24 5 3
13 26 18 3 1
13 4 13 4 13
13 5 15 5 21 24
13 16 9 3 0 1
13 4 13 24
13 24 23 1 13 4
13 14 12 25
13 14 9 12 25 5 24 9
13 9 4 9 5
13 18 2 9
13 5 4 9 7 0
12 24 3 4
12 14 23 15
12 18 3 5 9
12 14 9 13 18 19
12 25 24 7
12 12 18 1
12 5 18 3 9
12 7 1 6 13
12 12 9 10 25 13 12
12 9 19 12 5
12 22 24 0 5
12 16 1 12
12 1 9 5 0
12 9 5 23 5
12 14 9 19 0
12 26 9 15 25 4
12 14 24 8 1
12 0 25 9
12 9 1 25
12 9 15 1 1
12 9 26 25
12 1 9 25 9
12 23 19 15
12 22 23 1
12 0 9 10 5
12 4 13 4 9 12 18
12 6 0 13
12 11 5
12 16 4 12
12 24 5 19 7
12 14 9 13 4
12 18 25 24 4
12 3 9 5 3
12 5 0 21 9
12 4 1 18 5 26
12 3 2 15
12 16 9 1 5
12 14 9 25 13 7
12 14 7 12
12 4 13 1
12 4 1 24
12 1 9 24
12 4 10 3 9
12 5 9 15 19
12 16 9 24 10 10
12 26 9 21 7 13
12 5 0 1
12 14 25 5
12 7 5 7 9 15
12 20 17 5 9
12 4 26 9 25 18 5
12 24 7 1
12 5 9 3 2 1
12 25 3 5 7 12
12 11 12 4 26 4 12
11 16 13 26
11 14 4 9 24 7 0
11 11 24 1
11 12 5 10 0 12
11 5 4 9 1 0
11 5 26 5 10 12 13
11 16 9 3
11 4 18 3 0 5
11 14 9 9 5 12 4 5
11 16 5 10 12
11 16 5 13 4 1
11 14 3 4
11 4 0 13
11 11 24 17 4
11 3 18 5 13 12
11 14 9 0 5 2 4
11 11 12 13 12
11 5 26 0
11 24 25 0 12
11 11 9 12 18
11 16 5 21 24
11 4 12 9 12 5
11 12 4 23 4
11 9 24 5 1 2
11 14 9 19 12 0
11 11 0 12 13
11 26 12 25 13 13
11 0 13 13 9 1
11 22 7 24 5
11 5 15 18 5
11 3 2 15 12
11 5 4 5
11 26 9 1 13
11 26 0 1
11 4 10 3 1 18
11 16 5 24 7
11 9 15 19 12 13
11 24 4 8 9
11 4 15
11 9 25 24 5 3
11 12 24 5 2 1
11 9 5 4
11 7 12 25 9
11 22 24 0 13
11 9 3 18 5 13
11 16 9 13 9
11 12 0 4
11 5 15 0 5
11 26 25 0
11 14 9 3 18
11 11 24 1 12
11 24 1 3 5
11 5 15 5
11 25 3 5 7 4
11 24 1 3 12
11 3 5 4
11 1 24 23
11 4 10 25 3 5 23
11 4 0 13 8
11 16 26 5 15
11 9 25 5 3 23
11 12 24 5 2
11 4 10 9 13 7 24
11 5 8 19 25 13
11 4 15 4 5
11 26 7 25
11 4 15 24
11 9 15 3 0
11 2 7
11 26 18 3 12
11 26 5 10 12 13
11 25 3 7
11 16 9 1 13
11 0 13 8 4
10 4 10 9 4 5 12 0
10 9 15 9 18 12
10 4 15 9 1 5
10 5 1 1
10 5 25 18 26
10 26 21 18 12
10 0 17 10
10 9 24 13
10 4 23 3 21
10 4 10 0 12 19
10 14 9 24 19 0
10 7 12 25 26
10 4 25 5 18
10 11 9 15 19 12
10 26 5 9 4 12 5
10 12 1 4
10 11 12 13 5
10 1 12 5
10 9 24 1
10 5 1 5
10 14 4 4
10 18 9 23 24
10 6 24
10 7 23
10 4 26 7 26 19
10 5 7 5 24
10 9 2 25
10 14 9 13 10
10 16 5 9 1 0
10 1 0
10 4 12 5 10
10 3 13 18 13
10 16 26 9
10 16 5 4 9 12 18
10 4 10 9 19
10 12 6 0
10 4 12 2
10 4 26 9 25 18
10 16 9 24 21 13
10 0 18 24 26
10 0 12 5 5
10 12 18 4
10 4 25 19 15
10 11 1
10 26 5 21 13
10 0 1 5
10 23 6 7
10 26 0 12
10 0 21 9 5
10 16 5 25 12 5
10 4 13 10 12
10 9 24 19
10 14 9 23 4 12
10 9 12 2 3
10 9 26 19 25
10 26 13
10 1 25 5 13
10 4 9 1 0
10 24 13 0 12
10 5 25 18 9
10 25 9 0 4 5
10 1 4 6 5
10 0 13 8 9
10 9 13 25
10 26 5 24 5 1 2
10 26 5 13 25
10 5 18 3 9 5
10 1 24 7 12
10 24 5 23 13
10 26 10 12
10 0 9 13
10 16 4 5 10
10 4 0 24
10 26 0 21 12
10 26 5 10 24 18 13 4
10 4 12 2 26
10 9 25 9 12 25 4
10 24 18 25 4
10 3 9 1 5
10 25 9 0 1
10 14 26 0
10 14 9 26 15 25
10 23 7 25 9
10 18 13 25 9
10 24 5 18
9 16 9 12 0
9 14 10 1
9 22 5 7
9 0 9 13 3 23
9 4 3 7
9 18 3 26
9 9 4 5 12 0 12
9 12 25 13 13
9 25 3 5 7 1
9 26 9 24 7 0 1
9 12 0 24 25 9 5
9 12 10 25
9 0 1 21
9 4 12 5 18 4
9 25 3 5 23 12
9 4 10 9 3 17 7
9 4 26 26 15
9 4 10 9 3 9
9 18 13 3
9 9 24 7 0
9 16 5 4 1 5
9 11 3 1 18
9 24 18 25 13 5
9 9 15 5
9 24 25 9
9 9 23 5 7
9 4 24 5 13
9 16 5 4 5
9 5 18 23 26 9
9 16 9 18
9 11 12 9
9 16 5 10 15
9 0 21 13 26
9 5 9 24 1 3
9 11 5 26 13
9 24 5 0 4
9 5 10 12 9
9 16 9 9
9 4 10 12 5
9 7 9 24
9 0 9 12 9 12
9 4 15 18
9 9 25 18 13 1
9 26 5 24 5 3
9 5 10 12 9 5
9 5 26 21 18
9 4 26 9 4 5
9 4 13 10
9 16 5 10
9 5 9 10 24 3
9 9 25 15 0 13
9 12 0 1
9 12 10 4
9 24 19 18 13
9 14 3 5 17
9 16 5 4 15 13
9 24 13 7
9 24 19 17 13
9 9 24 18
9 0 13 13 9
9 5 25 18 9 5
9 1 6 10
9 9 19 15 0
9 0 24 4 15
9 4 0 5 4 4
9 12 5 23 1
9 16 10 12
9 1 25 9
9 16 5 18 13 1
9 9 12 10 5
9 13 18
9 7 25 13
9 26 24 5 26
9 24 5 1 18 12
9 5 3 9 1
9 24 25 9 4
9 20 0 1
9 9 5
9 24 5 0 13
9 18 9 3 5 4 12
9 9 12 2 24
9 4 10 9 26 5 0 12 19 15
9 4 15 5 13 25
9 26 5 24 21 5 21 7 5
9 12 9 19 4 12
9 1 4 9
9 9 0 1
9 1 24 7 1
9 24 19 17 12
9 4 10 9 12 18
9 7 5 10 1
9 25 13 7
9 18 9 1 25
9 24 23 9
9 16 9 1 4 12
9 4 26 9 4
9 14 5 4 26
9 14 9 24 18 25 4
9 25 5 24
9 9 4 5
9 4 10 24 18 13
9 22 18
9 20 5 17
9 4 24 5 26 1
9 26 9 6 7
9 4 26 9 12 2
9 14 9 13 9 1
9 22 24 0 12
9 11 24 1 5
9 24 5 25
9 4 10 26 13 0 1
9 9 25 18 13 5
8 18 12 17
8 24 5 10 1
8 12 5 1 2
8 0 9 1 4 12
8 16 5 25 12 1
8 14 9 15 9 18
8 4 21 24 9
8 4 10 25 19 15
8 16 5 10 26
8 0 9 4 4
8 12 10 0 5 26
8 20 17 10 5
8 23 3 21 9
8 4 10 15 5 21 24
8 5 1 25 5
8 18 9 19 5 4
8 14 13 5 9
8 14 9 3 18 5 13
8 9 12 10 1
8 4 24 5 26
8 16 18 10
8 9 19 13
8 4 10 3 5 1 10 12
8 4 18 1 24 0 1
8 24 9 18 1
8 0 9 4 5
8 9 24 0
8 26 3 5 1 18
8 5 12 7 9
8 1 9 5 0 4
8 5 9 7 0
8 4 1 5
8 14 9 15 1
8 16 5 18 13 25
8 26 13 0 12
8 26 5 25 18
8 26 5 10 24 18 13
8 7 26 19 15
8 11 24 17 1
8 4 13 26 5 0
8 3 1 12 13
8 0 21 13 15 4
8 4 0 24 9
8 18 24 26
8 4 26 13 25
8 4 12 10 5
8 11 13 25
8 14 9 8 19 25 13 4
8 0 1 9
8 1 25 5
8 3 5 1 10 4
8 14 9 25 13 7 5
8 12 9 0
8 0 5 1 1
8 1 24 5 23
8 0 21 5 13
8 12 10 12 5
8 14 9 26 19 25
8 26 13 7
8 4 12 5 3 2
8 0 24 23 9 5
8 14 9 13 7 24
8 9 5 25 5
8 9 26 5 19
8 14 9 15 25 1
8 4 17 10
8 12 9 3 1
8 5 18 9 24 9
8 5 24 13 25
8 22 23 12
8 25 5 24 19
8 9 13 9 1
8 26 5 1 0
8 24 1 3 9 5
8 4 15 0 5
8 18 21 1 5
8 9 13 12 5 18 12
8 14 5 12 25 5
8 24 5 0 1
8 0 9 10 12
8 16 5 25 9 0 24 4
8 26 3 5 23 19 5
8 1 21 9 26 4 12
8 0 13 9
8 1 8
8 26 0 8 7 12
8 7 23 26
8 14 4 13
8 5 9 4 9 5
8 24 9 7 13
8 16 26 26
8 24 5 1 1
8 14 12 18
8 14 12 25 1
8 1 1 12 1
8 17 1 10 5
8 14 18 1
8 24 10 15
8 9 4 26 5
8 1 25 5 9
8 16 9 4 4
8 0 12 10
8 5 15 7 15 0
8 14 9 25 3 5 7
8 26 0 13
8 9 25 25 4
8 14 9 24 4 12
8 4 12 0 5
8 14 9 15 1 4
8 5 12 18
8 0 4 5
8 11 24 1 9
8 1 12 1
8 16 5 5 4 12
8 16 5 4 12 5
8 26 15 19
8 4 9 4 0 5
8 24 5 0 5
8 4 25 5 12 25 5
8 26 5 0 24 12
8 4 18 3
8 14 9 15 25 4
8 3 5 13 18
8 4 18 5 24 26
8 9 6 24 1
8 22 23 5
8 16 18 13 12 5
8 1 5 8 4
8 14 9 1 3 15 26 13 4
8 24 10 6
8 11 24 3 4
8 16 1 5 0 24
8 14 9 25 25 5
8 5 0 13 8 9
8 0 12 13
8 11 5 24 1 5
8 4 12 2 15 4
8 12 4 23
8 12 6 24 1
8 24 0 25 1
7 5 3 13 18 5
7 14 24 8
7 26 3 18 1
7 3 13 18 13 1
7 14 1 5
7 26 25 5 12 25
7 24 5 25 0
7 9 7 4
7 25 5 24 3 9
7 24 26 0
7 4 13 12 5 10
7 4 4
7 12 5 10 13 5
7 26 5 10 12 13 13
7 14 9 13 26 1
7 14 9 24 19 12
7 16 9 26 24 26
7 4 1 26 4
7 26 5 1 24
7 4 10 9 7 0
7 0 5 1 12 5
7 4 26 9 1
7 14 9 1 24 12
7 0 24 5 15
7 14 4 9 10 24 3
7 14 3 5 23
7 26 5 3 5 18 26
7 25 19 15 4
7 4 24 13
7 8 19 25 13 10 5
7 7 1 6 13 12
7 26 0 5 6
7 12 5 18 4
7 24 5 1 2
7 5 23
7 9 24 18 25
7 5 0 9 1 9
7 16 26 15 5
7 0 5 2 1
7 0 9 2 25
7 1 26 10
7 9 24 3
7 5 15 1 12
7 14 9 4
7 26 5 0 4
7 12 5 23 5
7 16 2 13
7 0 18 24 0 1
7 12 5 10 5 5
7 9 13 7 24
7 4 19 25
7 14 12 25 5 24 9
7 14 9 18 1 24 0
7 14 0 1 21
7 26 0 15 23 5
7 9 25 0 24 5
7 24 17 18
7 4 9 26 19
7 14 9 0 1
7 14 1 1 12
7 3 5 17 5
7 16 1 5
7 23 6 7 12
7 5 3 17 7
7 26 5 18 5 25 9
7 20 5 18 5
7 3 5 18 5
7 5 12 12
7 11 9 12 0
7 12 1 26 1
7 4 26 18 3 9
7 9 13 0
7 11 12 13 4
7 11 12 4
7 9 13 12
7 0 24 23 15
7 4 3 0 5 13
7 4 26 12 26
7 25 0 24
7 22 19 7
7 9 26 26 15 5
7 5 0 12 19
7 5 1 1 12
7 4 10 3 9 1
7 3 5 1 10 1
7 4 9 7
7 14 18 13
7 16 5 24 10 6
7 9 15 23 6
7 0 9 24 1 2
7 12 9 0 12
7 14 5 13
7 26 24 7 0
7 26 9 25 9 12 25 4
7 26 5 3 5 4
7 3 7 0 4
7 4 25 18 5
7 4 24 17
7 25 5 24 1
7 4 15 13 13
7 14 9 13 25 1
7 9 15 1 12 5
7 25 0 1
7 16 5 2 9
7 5 13
7 25 3 23 13
7 24 26 9
7 12 9 10 25 13
7 16 9 13 3 23 12
7 14 12 5 18 13
7 7 23 12
7 14 5 24 12
7 14 9 5 15 18
7 12 12 4
7 14 4 9 12 0
7 4 17 10 26
7 4 23 5 3 5
7 9 24 19 5
7 7 12 25
7 4 24 5 1 2
7 7 17 19 4
7 0 12 4
7 5 24 9 7 1
7 4 13 10 17 15 5
7 3 13 18
7 3 1 18 5
7 4 24 21
7 24 5 3 5
7 14 7 5 24
7 4 9 13 24
7 1 5 24 12
7 14 9 0 9 1 15 4
7 5 1 4
7 4 1 1
7 4 24 17 0
7 14 9 9 26 10
7 24 5 0 12
7 14 9 24 5 19 10 4
7 14 9 23 9
7 9 18 25 19
7 3 7 19
7 4 15 7 13 4
7 14 9 25 15
7 16 5 24 7 0 4
7 16 3 18
7 14 9 24 4
7 5 12 0 25 9
7 0 24 23
7 14 12 25 9
7 1 12 7 4
7 18 25 26
7 4 10 5 26 1
7 5 5 5
7 26 7 25 12
7 14 9 0 9 26 10 4
7 5 15 13 18
7 9 10 4
7 26 24 4 8 1
7 22 18 4
7 24 21 9 1
7 14 4 9 19
7 16 5 24 10 6 12
7 22 23 4
7 26 9 24 1 12
7 4 12 18 13
7 26 5 18 26
7 26 24 0 19 26
7 26 9 1 5
7 9 15 19 12 5
7 4 25 18 26
7 0 12 19 4
7 25 25 5
7 23 5 7 24
7 9 25 5 18
7 14 9 24 5 10 1 4
7 12 9 10 25 4 12
7 4 13 3 9
7 23 5 25
7 0 25 15 0
7 26 10 0 12 13
7 11 9 13 7 24
7 5 13 7 12 9
6 4 26 18
6 14 9 24 1 3
6 26 5 25 18 12 5
6 9 3 5 17
6 9 8 19 25 13 1
6 12 1 1
6 24 6 18
6 0 21 26
6 9 18 9 1 24 4
6 26 5 0 1 21
6 4 10 1 5 8
6 4 6 12
6 4 13 4 9 24 3 7 5
6 16 13 12
6 14 9
6 26 7 26 13
6 14 9 24 21 13 1
6 24 9 25
6 16 5 24 7 4
6 3 5 1 10 12
6 16 5 18 13
6 26 12 25 13 13 1
6 5 26 24 10 9
6 4 15 25 5
6 9 8 1 25
6 14 9 9 5 12 4
6 14 9 15 9 1 4
6 12 24 5 2 1 5
6 4 13 4 9 1 9 5 0
6 4 24 5 26 12
6 24 9 21 1 5
6 4 10 10
6 24 25 1 1
6 26 13 5 18 12
6 17 13 7 5
6 12 1 7
6 9 1 24
6 26 12 10 12
6 14 5 12 25 12
6 14 9 3 9
6 14 23 9 5
6 18 24 6 5
6 11 24 5 0 5
6 26 9 6 7 5
6 5 3 1 18
6 12 1 23 5
6 14 9 15 5 9 1 0
6 0 8 7
6 25 5 24 3
6 4 26 24 7 1
6 14 26 18 3
6 9 6 24 5
6 16 9 15 26
6 14 9 10 24 1 13
6 26 23 1 3
6 16 7 1 9
6 24 17 5 13
6 8 25 5 23 1
6 7 26 19 9
6 5 7 26 19
6 0 24 23 13
6 18 1 24 0 5
6 4 13 10 7
6 0 9
6 9 0 9 24 23
6 8 1 25
6 4 15 3
6 26 12 10 5 0
6 24 9 15 0 5
6 11 13 12
6 20 15 4
6 24 1 2 12
6 26 5 9 12 10 4
6 4 5 5 4
6 23 25 13 3
6 24 13 25 4
6 11 3 5 1 10
6 7 5 24 13
6 9 23 5 7 1
6 4 12 12
6 24 1 23 1
6 14 10 1 1 12
6 4 10 13
6 5 3 1 5 9
6 7 12 25 9 5
6 4 10 24 1 5
6 0 12 19 4 5
6 26 5 21 24 0 1
6 14 7
6 26 5 6 4
6 14 26 13 25 0
6 9 4 5 7 0
6 14 2 26 19
6 26 9 24 25
6 4 18 1 24 0 5
6 9 0 9 25 15
6 24 25 1 4
6 5 4 18 24 12
6 4 3 5 13
6 4 3 18
6 16 6 5 0
6 11 5 15 7
6 25 24 5 3
6 14 9 24 5 4 8
6 16 3 10
6 5 4 12
6 16 10 5 25
6 4 6 7
6 9 15 3 1
6 5 0 24
6 26 26 12 26
6 26 5 15 7 13 4
6 14 24
6 4 10 26 24 5 1 2
6 9 12 26 19 15
6 8 5 12
6 5 15 9 1 9
6 9 26 9 1
6 3 1 18 13 12
6 12 12 4 12
6 14 12 10
6 9 26 26 15 0
6 4 5 23 13
6 23 1 3
6 25 5 12 25 5
6 14 12 9 18
6 4 10 3 5 1 10 5
6 4 18 5 1 25 4
6 9 26 1
6 11 25 5 7 5
6 5 15 5 10 26 1
6 4 10 26 9 24 1
6 3 13 18 5
6 4 10 1 5
6 14 3 0 12
6 14 9 24 25 18
6 26 13 5 9
6 5 18 23 26 5
6 12 5 23 12
6 4 8 13
6 0 9 10 1
6 9 26 13
6 26 21 23
6 4 12 4 26
6 4 18 25 24 4
6 4 12 2 9
6 14 9 23 4
6 23 3 21 5
6 14 9 23 9 3 21
6 0 12 5 10
6 14 9 24 25 18 1
6 4 10 24 1
6 26 18 1 24 0
6 5 13 3
6 0 15 18
6 11 9 15 19
6 9 15 9 18 1
6 9 3 10 5
6 4 13 24 18
6 14 4 9 13 9
6 16 9 26 12 26
6 0 24 5 15 5
6 0 10 12 13 12
6 14 9 10 12 5 4 4
6 1 5 9 0
6 3 5 17 9
6 16 5 21 24 12
6 14 9 6 18
6 5 1 25 9
6 8 5 25 23
6 14 15 5 4
6 26 0 8 7
6 5 24 4 8 9
6 9 18 3 5 9
6 4 12 18 9
6 9 1 5
6 0 15 25
6 24 5 3 4
6 9 13 5 9
6 14 9 25 3 23
6 9 15 25 1
6 0 13 10
6 3 18 5 13 1
6 16 13 0 15
6 23 3 21 1
6 24 25 0 13
6 4 0 24 5
6 5 24 7 1 9 5
6 26 5 15 19
6 26 9 25 24 1
6 9 25 0 24 12
6 1 23 18 9
6 9 13 9 13 26
6 3 5 1 10 5
6 5 9 12 2 24
6 14 9 0 1 4
6 25 3 5 23 1
6 14 9 13 12 5 18 12
6 24 5 24 0
6 4 4 12 1
6 4 23 3 21 5
6 16 9 1 9
6 14 9 3 1 10 15
6 3 5 13 18 12
6 0 13 5 9
6 3 24 9
6 4 24 4 8 4
6 4 24 7
6 24 7 25
6 3 1 10
6 0 3 7 10
6 4 12 18 13 12
6 1 24 18 13
6 4 10 13 13
6 4 13 7 12 13 1
6 16 9 17 10 15
6 18 3 9 5
6 26 5 15 6
6 9 21 23 1
6 25 3 23 4
6 24 21 9 12
6 26 9 24 7 0 12
6 4 26 5 0
6 4 26 9 9 4 5
6 14 9 25 15 0 5
6 24 5 1
6 8 5 19 25 9
6 12 9 3 1 4 12
6 14 26 0 5
6 24 17 0
6 14 5 23 13 1
6 16 5 19 21
6 9 10 12 5 4
6 18 1 25 5
6 6 24 0
6 1 5 8 1
6 11 5 13 17
6 5 9 13 9
6 4 24 18 15 4
6 9 24 13 5 25
6 4 5 4 12
6 5 12 5 10
6 9 0 24 13
6 4 3 15 4
6 26 9 24 1 5
6 5 3 5 13 18 9
6 25 9 4
6 26 24 5 1 2
6 8 9 12 25
6 16 0 9 2 25
6 26 5 24 5 3 12
5 4 10 21 24 0
5 14 4 9 10 12 13 5
5 26 7 23 12
5 8 19 25 13 12 5
5 0 19 5 21 4
5 26 5 24 7
5 24 26 1
5 26 5 23 12 7 4
5 20 24 8
5 16 10 1
5 20 15 10
5 4 5 4 26
5 16 9 18 1
5 1 6 10 4
5 24 5 13 25 26
5 11 4
5 5 15 19
5 26 24 5 19
5 5 21 19 7
5 1 10 25 9
5 0 12 5 12
5 11 24 3 13
5 12 1 5 9 4
5 1 26 9
5 26 3 15 1
5 16 15 5 1 26 4
5 3 7 5
5 26 5 13 5 23 13
5 12 9 10 25 4 12 5
5 0 13 7 12
5 14 9 25 13 7 4
5 24 1 12
5 14 9 18 9 24 13
5 0 5 12 13
5 25 3 23 9
5 22 5 7 12
5 1 25 5 7
5 26 5 0 1
5 16 1 0
5 12 9 10 24
5 4 3 25
5 4 24 26 1
5 11 5 26 1 5
5 14 25 13
5 26 13 7 12 13 12
5 9 9 7
5 14 9 24 1 3 4
5 0 8 25 5 23
5 20 5 18
5 24 23 1 13 12
5 24 5 17 12
5 24 3 4 5
5 4 26 5 15 9 10 4
5 14 12 5 23
5 14 4 25
5 12 18 13 9
5 3 24 9 5
5 14 9 24 5 1 2
5 14 9 12 5 3 2
5 24 25 18 5
5 14 5 3 0
5 5 23 9 6 7 9
5 24 19 18 5
5 9 18 9 1 25 1
5 14 10 26 0
5 16 0
5 24 9 1 3
5 11 24 0
5 24 21 7 4
5 14 4 9 5
5 24 5 17
5 9 8 19 25 13 5
5 4 13 9 13 26
5 16 1 0 4
5 12 5 10 5 1
5 26 5 21 24 0 4
5 4 10 3 5 0
5 14 9 9 5 2 4
5 16 5 24 10 6 4
5 24 9 18 25 4
5 6 5 18 12
5 0 8 25 5 23 1
5 14 5 24 13
5 0 25 13 25
5 5 3 7 19
5 26 18 3 5
5 3 7 5 25
5 9 25 9 13 7 4
5 9 7 26 19
5 1 0 10
5 24 23 7
5 16 5 24 4 0 5
5 4 25 15 13
5 14 26 26
5 24 4 4
5 26 5 24 19 5 25 4
5 14 5 24 9
5 0 5 1 9 5
5 4 21 18
5 26 12 26
5 11 15 13
5 16 10 26 5
5 24 3 15
5 5 25 3 23
5 24 9 18 25 5
5 9 3 1 18
5 5 13 9 24 9
5 24 5 23 13 12
5 4 24 5 9
5 5 15 9 1 9 5
5 0 25 3
5 14 9 9 7 4
5 24 25 18 4
5 4 26 24 21 9
5 26 5 24 18
5 4 26 25 9
5 1 5 25 13 4
5 16 5 26 15 0
5 5 1 5 25 9
5 5 4 4
5 0 7 5 12
5 24 19 17 12 5
5 24 1 10
5 4 9 3 18 5 13
5 0 7 5 24
5 26 5 6
5 12 0 5 5
5 4 9 12 0
5 9 1 25 5 9
5 26 1 4 0 5
5 1 9 25 0
5 9 24 25 5
5 16 9 25 15
5 24 1 3 13 12
5 26 5 15 9 1
5 5 24 5 1 18 9
5 17 1 10 9 5
5 26 13 5 24 26
5 26 7 25 4
5 18 5 24
5 4 10 12 9 25 13 4
5 11 13 13
5 5 15 9 1 4
5 14 5 9 1 4
5 9 26 19
5 0 5 12 25
5 0 15 12
5 26 3 15
5 9 15 5 25 12
5 7 24 6 13
5 9 4 5 17 10 15
5 14 9 24 5 10 1
5 9 1 25 12
5 26 5 7 9 12 17
5 26 25 5 12 25 12
5 9 25 18 13 10
5 11 0 12 13 5
5 14 0 4
5 9 3 12
5 14 25 26 5
5 16 9 12 6 0 5
5 0 15 7 15 0
5 24 1 3 13 1
5 14 26 5 26 5 0
5 4 7 13 25
5 4 5 12 0
5 1 5 24 23
5 24 21 9 5
5 14 3 9
5 4 19
5 5 13 9
5 16 5 0
5 9 3 18 5 13 5
5 14 24 7 4
5 25 5 24 19 5
5 16 5 4 12 5 10
5 9 24 3 17
5 9 15 5 1
5 3 5 17 12
5 23 3 21 1 5
5 16 9 13 12 18
5 25 3 23 13 1
5 4 17 10 5
5 16 5 19 21 12
5 1 5 25
5 9 13 9 13
5 12 5 18 5
5 5 15 26 26
5 26 5 18 3 4
5 26 7 13 25 5
5 4 1 24 9
5 9 13 18 19
5 25 5 24 9 26 4
5 15 3
5 4 26 0 24 1
5 16 5 21 24 5
5 0 9 10 4
5 16 5 18 13 12
5 26 26 12
5 5 7 12 25 5
5 5 13 18 12
5 18 2 5 15 13
5 4 10 4
5 26 5 15 1 12
5 9 21 7 5
5 12 5 0 13 25 5
5 5 26 12 7 15
5 12 24 5 2 4
5 0 12 9 12 1
5 4 9 18 25 9
5 24 5 17 9
5 23 12 7
5 16 26
5 22 24 0 4 5
5 16 9 13
5 26 24 5 1 2 1
5 9 6 7 5
5 24 18 25 13
5 4 18 5 24 26 4
5 3 1
5 16 9 13 9 15 1
5 24 9 0 4 12
5 1 4 3
5 11 5 24 0
5 12 10 1 4
5 14 4 13 18
5 16 5 18
5 18 24 0
5 5 18 13 25 9 5
5 14 9 18 1 24 0 5
5 7 17 19
5 14 21 18
5 4 9 13 24 9
5 5 18 26
5 9 12 9 1 25
5 26 15 25
5 1 5 26 10 4
5 14 4 9 24 7 0 5
5 14 3 23 13
5 3 9 5 3 12
5 0 18 24 0 5
5 7 5 24 12
5 14 9 15 9 15 26
5 14 0 23
5 14 9 15 4 5 10 5
5 14 4 9 21 23 1
5 14 9 0 12 10
5 4 25 5 12 25 1
5 9 21 18
5 0 5 2 12
5 26 13 4
5 5 0 24 9 5
5 1 4 9 5
5 4 13 4 9 12 0
5 12 19 15
5 4 0 13 4
5 12 5 19 26
5 16 9 10 4
5 24 6
5 26 9 25 1
5 26 12 7 15
5 12 6 0 5
5 26 18 1 25 12
5 16 5 10 9 12 18
5 24 4 5 8
5 4 3 25 1
5 14 26 4 12
5 1 24 5
5 9 7 5 24 5
5 9 26 24 13 0
5 18 3 5
5 4 9 24 23
5 7 10
5 24 5 3 1
5 9 24 1 5 18
5 14 9 15 4 10 4
5 5 26 24 5 1 2
5 4 13 26 7 15 13 5
5 4 25 23
5 12 0 10 9 13
5 4 24 17 18
5 19 0 5
5 14 9 19 12 0 4
5 25 3 5 7
5 14 4 9 25 18 13 5
5 9 3 17 7
5 4 13 26 0
5 14 26 5 13 25
5 24 13 0 9
5 6 18 5
5 9 12 12 7
5 14 9 13 3
5 26 9 25 0 24 1
5 24 0 1
5 9 13 1
5 12 5 10 12 4
5 9 10 1
5 4 10 9 1 9 5 0
5 12 2 24
5 24 21 1
5 9 12 4 26 1
5 24 19 17 13 5
5 11 12 5
5 4 5 4 9 5
5 9 25 15 0 12
5 18 24 6 1
5 12 0 5 18 24
5 25 1 10
5 25 13 7 5
5 16 13 4
5 9 9 7 12
5 4 10 26 0
5 14 15 5 10 26
5 7 5 10 1 5
5 8 1 25 4
5 14 15 26 9 5
5 12 18 13 5
5 4 15 5 25 9 0 24 4
5 5 0 24 9 26
5 14 3 9 13
5 8 18 13
5 14 9 3 2 5 1
5 26 9 25 0 24
5 5 9 25 18 13 5
5 14 10 25 4
5 11 9 25 18 13
5 4 25 5 18 5
5 14 9 19 10
5 1 5 24 10 5
5 9 24 13 0
5 24 5 3 12
5 14 9 23 7 25
5 11 26 13 0
5 26 9 24 0 25
5 26 24 4 8
5 4 9 10 24 3
5 14 9 12 12 7
5 26 5 9 4 1
5 5 12 10 5 9
5 4 5 4 9 4
5 4 5 4
5 26 9 5 4 5
5 26 5 7 0
5 14 9 23 5 7 4
5 1 5 8 4 5
5 5 13 0
5 12 0 23 6 7 9
5 5 12 10 0 5 9
5 18 9 25 24 4 12
5 4 10 9 25 5 3 23
5 11 24 17 10
5 16 9 23 19 15
5 5 23 3 21
5 5 9 13 7 24
5 9 26 9 9 4
5 4 5 15 18 5
5 9 15 5 13 10
5 26 5 15 5 5 18
5 5 25 18 5
5 16 5 24 4 0 12
4 9 12 1
4 11 12 5 4
4 4 10 15 6 5 0
4 26 5 12 10
4 0 15 26
4 5 7 5 10
4 14 9 8 19 25 13 1
4 4 13 4 9 24 18
4 11 9 8 19 25 13
4 4 3 13 10
4 14 9 1 9 3 15
4 26 3 18 5
4 24 25 1 13
4 14 10 13 18
4 14 3 1
4 14 9 4 5 12 0 4
4 13 4
4 16 5 4 13 18
4 26 18 5 1 25
4 26 0 5 5
4 18 24 0 12
4 14 9 12 5 18
4 14 9 9 26 10 4
4 3 5 12 9
4 16 9 24 23
4 4 10 26 9 24 1 1
4 4 25 0 4
4 1 4 5 0
4 26 5 10 5 17 4
4 5 15 5 4
4 24 1 7
4 4 12 0 10
4 7 24 6 13 4
4 4 10 26 12 5 6
4 5 4 18 24 13
4 9 1 4 5 0
4 3 7 19 13
4 26 9 25 9 12 25 1
4 14 4 12 5
4 14 7 12 4 12
4 9 15 1 0
4 1 7 24
4 5 24 1 2 26 9 5
4 16 5 21 12 4
4 16 9 15 1
4 9 5 12 12
4 14 9 15 9 1
4 9 13 5 24 13
4 3 5 23 19 12 5
4 13 0
4 4 0 8 7
4 17 5 17
4 9 4 5 24 1 7
4 5 13 25 0 9
4 5 7 23 12 5
4 4 26 24 18 1 5
4 4 0 1 5
4 11 12 9 5
4 4 15 13 12 0
4 26 1 25 7 13 5
4 14 3 5 23 5
4 14 3 13 5 18
4 3 5 24 8
4 5 12 9 2 9
4 16 5 4 12 5 10 5
4 9 15 6 5 0
4 0 13 8 5
4 4 12 5 18 12
4 11 3 9
4 5 24 13 0
4 14 9 24 13
4 5 26 9 24 1 1
4 4 13 3 0
4 9 26 5 21 13
4 4 15 1 26
4 11 24 3 5
4 9 18 25 24
4 24 25 18 1
4 14 12 9 10 25 4 12
4 8 1 25 1
4 4 10 5 13 10
4 9 19 10 5
4 1 5 23 18 9 12
4 16 9 0 13
4 26 9 25 9 12 25
4 0 9 15 4 12
4 26 12 5 17
4 9 3 18
4 16 5 5 18 1
4 18 5 24 6 0 4
4 12 5 25 10 13 5
4 4 10 26 21 18
4 4 1 12
4 4 13 7 12 13 4 5
4 5 15 18 3 9
4 7 9 25 13
4 12 7 4
4 4 5 25 9
4 4 9 7 4
4 12 5 3 2 12
4 9 1 4 12
4 16 9 13 25
4 14 3 0 5
4 0 24 1 5
4 26 1 25 12
4 7 9 10 5 4 12 5
4 0 15 0
4 3 7 5 4 12
4 12 3 1 4 12
4 26 5 18 26 12
4 14 5 24 5
4 14 15 26 15
4 4 18 19 0
4 26 9
4 18 24 1
4 3 9 13 26 4
4 9 24 7 0 13
4 14 9 12 25 5 24 9 1
4 14 9 13 5
4 5 9 23 5 7
4 9 25 3 23 13 12
4 4 10 26 0 13
4 4 24 25 18 4
4 5 24 17
4 12 21 0
4 5 9 15 1
4 16 0 5
4 1 25
4 14 3 0 1
4 14 4 9 15 19
4 24 8 13
4 4 13 12 25
4 12 8 4
4 12 7 15
4 14 15 5 18
4 14 9 9 7 5
4 8 19 5 25
4 5 0 5
4 12 18 13 1
4 4 10 9 10 24 3
4 7 8 1 12
4 4 10 7 5 10
4 11 4 0
4 24 9 18 12
4 14 9 24 25
4 5 7 23 9
4 4 13 9 15 19
4 5 9 3 17 7
4 12 5 3 2 5
4 26 9 18 9 1 24 1
4 26 5 7 5 24 5
4 24 13 26
4 1 9 26 10
4 4 10 9 0 5
4 0 24 9 26
4 24 1 2 26
4 9 10 5 15 0 5
4 24 5 15
4 16 2
4 9 4 5 15 1
4 5 0 5 1 9 5
4 14 5 18 6 5
4 4 10 1 24 23 13
4 16 4 1
4 5 15 0
4 24 18 15
4 16 13 10
4 4 8 13 4
4 5 9 10 0 12 13
4 9 24 4 13 15
4 26 9 25 25 1
4 4 10 9 15 19 12 13
4 9 15 13 9 25 26 5
4 26 5 26 1 25
4 26 3 5 1 18 5
4 4 5 15 18
4 14 9 13 26 12
4 14 9 25 26
4 4 10 13 5 12 25
4 26 5 24 5 18 1
4 14 15 7 5 1
4 24 10 25 25 9
4 26 5 1 10 24 13
4 26 5 18 3
4 16 9 25 25
4 4 13 26
4 21 24 0
4 1 5 24 1 5
4 14 9 4 12 0 4
4 26 5 15 25 4 12
4 16 10 4
4 8 12 19
4 1 25 7 15
4 9 10 13 5 26
4 0 25 26
4 14 3 13
4 12 10 0 12
4 26 24 25 12
4 26 12 5 0
4 5 0 21 9 5
4 26 5 5 4
4 4 10 9 26 19 25
4 3 1 18 9
4 4 10 26 9 24 1 5
4 0 15 9 15 26
4 4 7 25 13
4 26 10 24 1
4 9 24 1 3 12
4 9 24 1 3 1
4 9 26 24 25 13
4 8 9 5
4 9 1 5 8
4 14 9 15 19 4
4 9 15 7 13
4 26 24 13 0
4 3 18 12 5
4 7 5 24 1 5
4 4 10 9 24 18 25
4 4 13 24 13
4 7 12 25 5
4 0 24 23 5
4 0 12 1 5
4 25 0 1 5
4 12 1 0
4 14 9 9 26 10 1
4 5 9 3 7 9
4 5 26 13 0 1
4 11 24 5 0
4 26 18 8 13 12
4 1 10 5 10
4 3 7 0 5
4 14 9 12 10 5 0
4 0 9 1 25
4 5 0 13 8 26
4 8 25 23
4 24 1 18
4 26 7 0 1
4 4 26 9 5 21
4 9 3 13 18
4 16 13 12 5
4 14 26 0 13 8
4 26 24 21
4 9 24 18 25 5
4 25 5 0 24
4 26 10 12 12 5
4 4 10 3 9 1 5
4 7 9 10 5 9
4 14 9 4 5 12 0 12
4 5 24 0 5
4 4 25 5
4 25 0 5
4 26 24 6 18
4 0 19 24 9
4 9 4 5 1 0
4 4 8 13 25 4
4 22 23 1 5
4 12 24 5 2 5
4 5 7 1 6 9
4 12 5 3 2 10
4 4 21 18 1
4 9 13 5 24
4 5 15 19 12
4 14 9 18 1 25
4 5 18 13 25 9
4 14 9 3 9 17 7
4 26 5 0 24 13
4 9 6 24 1 5
4 17 19 0
4 5 12 18 9 5
4 11 6 2 24
4 26 1 25 7 13 1
4 18 2 26
4 6 5 18 13
4 24 5 3 9
4 9 15 1 0 5
4 26 25 5 7 15
4 0 25
4 9 3 18 21 13
4 4 9 18 3 9 1
4 0 13 3
4 4 12 5 3 2 4
4 23 5 7 12
4 25 5 24 9 26
4 25 24
4 16 26 15 9
4 12 5 0 25
4 4 12 18
4 5 10 24 1 5
4 14 9 1
4 12 25 13 5
4 0 12 10 5
4 5 13 4 9 5
4 0 26 9 24 23
4 26 10 24 18 13
4 5 26 3 5 1 18
4 25 0 24 5
4 4 15 19 4
4 4 6 13 5
4 5 25 24 9
4 24 19 7
4 24 25 1 5
4 24 19 10
4 26 13 5 24 26 5
4 26 24 5 26 1
4 25 2 15 5
4 4 26 24 1 2 4
4 26 13 13 3
4 12 0 24 25 9 13 5
4 12 10 5 5
4 5 9 3 1 18
4 5 4 1
4 0 23 5 13 25
4 14 9 24 7 0
4 26 18 3 9
4 14 3 18 1
4 14 12 25 12
4 12 0 12 5
4 24 5 7 17
4 5 9 3 9
4 14 9 12 0 1
4 5 4 12 9 3 1 4 5
4 9 15 5 25 12 5
4 4 23 3 21 4
4 25 24 19
4 26 18 12
4 4 10 26 24 5 26
4 7 23 9 5
4 9 15 26 12 10 25 4
4 11 5 24 18 12
4 4 25 3 7
4 4 24 4 8
4 5 15 26 9
4 16 5 3 0
4 3 9 4
4 26 10 5 17
4 14 23 5 15
4 14 9 15 25 5
4 4 9 24 19
4 25 9 0 10
4 12 18 9 12 1 12
4 26 5 24 9 24 25
4 24 25 0 12 5
4 4 25 0 5
4 26 5 10 24 1
4 4 13 5 23
4 16 5 10 26 12
4 14 9 24 6 13 13
4 26 5 13 7 12 13
4 24 6 18 12 0
4 5 24 5 9
4 8 5 8 18 6
4 14 9 24 5 0 4
4 9 25 5 0
4 12 0 9 15 3
4 4 13 5 24
4 0 18 24 0 12
4 12 0 25 9
4 26 13 10 7 5
4 3 5 13 18 9
4 4 3 13
4 25 3 5 23 5
4 5 7 13 25 9 5
4 14 9 15 26 19
4 26 7 25 13
4 26 5 24 26 17 15
4 1 24 23 4
4 4 9
4 24 7 1 0
4 24 5 23 13 5
4 24 4 8 5
4 4 8 13 12
4 26 9 18 9 1 25 4
4 26 5 9 7
4 4 13 13 25
4 4 1 25
4 24 18 25 12
4 1 24 7 10
4 5 6 5 18
4 9 9 7 1
4 16 9 26 24 26 5
4 9 26 15 25
4 14 25 19 15
4 26 7 15 13
4 6 24 1 5
4 4 13 10 5 7
4 5 15 9 26 5 1 0
4 24 5 7 0
4 26 25 24 12
4 9 24 9 7 1
4 14 4 9 15 19 12
4 5 24 13 0 9
4 4 13 6
4 14 9 13 9 13 26
4 14 9 13 12 25
4 5 1 25
4 24 5 10 6
4 9 13 25 5
4 9 15 15 4
4 14 9 24 25 9
4 18 13 25 13 12
4 0 12 9 12 1 5
4 5 26 0 15 25
4 12 5 10 5 12
4 20 24 5 18
4 24 4 13
4 12 19 15 5
4 24 19 17 5
4 9 1 10 25 13
4 26 9 15 7
4 24 4 8 4 12
4 4 10 26 12 7 15 5
4 5 3 9 1 5
4 9 25 23 1 13
4 14 9 4 5 12 0 1
4 5 13 18 1
4 4 12 0 4 4
4 0 26 1 24
4 12 5 1 2 1
4 5 12 25 13 5
4 16 8 25
4 26 24 5 1 2 12
4 0 9 25 15
4 4 10 9 6 24
4 7 13 25 9
4 0 13 10 5
4 14 9 25 5 12 25 5
4 23 23 7
4 20 17 0
4 26 24 25 18
4 0 12 5 1
4 4 10 13 18 12
4 4 9 13 24 5
4 7 5 15 13
4 0 12 13 26
4 7 9 10 5 4 12
4 21 23
4 16 9 13 12 18 12
4 16 9 18 1 24 0
4 26 5 12 24 5 2
4 16 5 24 25 18
4 16 18
4 12 18 9 12 1 5
4 26 18 12 5 26 5
4 26 5 13 9
4 4 5 13 10
4 26 18 1 25 1
4 4 25
4 14 3 9 1
4 0 9 1 15
4 9 10 24 3 5
4 0 5 5 4 5
4 24 0 1 4
4 4 24 1
4 14 4 9 3 18 5 13
4 4 3 15 12
4 16 4 10
4 0 13 8 12
4 4 13 4 1 5 2 5
4 0 25 9 5
4 14 9 15 25 0 24 4
4 1 9 25 26
4 4 9 7 5
4 5 24 1 3 9
4 9 4 5 13 3 23
4 12 12 13 0
4 24 10 25
4 14 26 5 9 4
4 23 12 17
4 4 3 5 1 18
4 24 25 18 13
4 1 0 5 13
4 4 8 13 25 1
4 5 26 13 7 12 13
4 15 9 3 0 1 5
4 4 15 18 13
4 5 24 19 10 9
4 14 4 9 3 18 5 13 12
4 5 9 15 9 18 1
4 5 13 26 9
4 4 15 5 13 0 1
4 0 24 5 26
4 9 13 12 5 18
4 24 5 1 18
4 4 5 23 26
4 26 10 24 18 13 12
4 4 10 9 9 7
4 1 24 18 26 9
4 1 24 18 4
4 4 7 15 13
4 16 9 13 9 12
4 12 10 5 26
4 14 9 12 9 0
4 4 10 24 1 0
4 18 13 25 26
4 24 1 3 13
4 21 23 1
4 19 0
4 5 24 13 0 9 5
4 22 7 13
4 14 12 21 0
4 0 5 12 5 4
4 4 13 5 24 5
4 16 3 10 5
4 26 12 4 26
4 5 0 1 9 5
4 9 26 5 23 7
4 4 12 18 2
4 17 5 15 0
4 4 15 7
4 12 0 13 25
4 9 7 13 25
4 5 26 24 10 15
4 18 12 1
4 0 24 13
4 14 9 24 9 3 0
4 1 21 9 26 4 12 5
4 25 0 4
4 5 26 25 0
4 0 12 19 1
4 4 13 23 5 24
4 5 4 9 19 1
4 18 25 24 12
4 24 25 18 13 5
4 7 13 21
4 26 25 13 7
4 5 25 24 19
4 14 5 23 13 4
4 4 0 9 4 5
4 9 12 18 5
4 4 0 1
4 26 5 21 24 0
4 3 1 0
4 4 13 4 1 5
4 24 13 0 5 9 5
4 11 0
4 0 13 5 24 3 12
4 9 25 5 15 0
4 26 13 25 0 1
4 14 9 15 4 5 10 12
4 16 2 3
4 26 19 9
4 3 13 5 18
4 14 25 0
4 18 1 25 9
4 14 3 13 18 13
4 26 5 0 12 19 15
4 14 9 5 2 12
4 26 24 4 8 12
4 5 4 18 24 1
4 16 5 4 9 26 19 5
4 12 5 10 0
4 4 3 5 18 26
4 11 24 1 12 5
4 11 5 26 24 25 9
4 14 4 9 12 2
4 4 6 1
4 9 3 18 5 13 1
4 16 26 26 5
4 26 5 15 6 4
4 14 3 23 5
4 11 26 9 24 1
4 16 5 9
4 14 9 1 24 23 4
4 26 18 5 1 25 1
4 5 4 5 13 10
4 16 18 15 10
4 14 4 9 15 1
4 26 9 24 23
3 24 13 7 4
3 9 26 9 24 1
3 4 24 5 4 8 4
3 12 5 23 13
3 16 13 6
3 24 25 0 4 5
3 12 1 0 12
3 0 2 24 3
3 26 5 13 3 1
3 26 5 18 24
3 16 8 23 4
3 1 9 24 5
3 16 9 24 9 18
3 4 12 7 13
3 1 5 8 12
3 4 1 4
3 3 5 17 9 5
3 16 9 24 25 18 5
3 20 24 21 13 4
3 14 9 7 0
3 9 12 5 1 2
3 1 5 4 0 12 5
3 24 9 25 5
3 14 15 5 10 26 1
3 16 26 0
3 26 0 9 1
3 16 9 18 3 9
3 1 9 25 4 12 5
3 24 21 7 12
3 14 1 6 18 9 5
3 0 25 13
3 0 9 13 5
3 23 9 3 21 12
3 0 15 5 19 21 1
3 5 9 8 19 25 13
3 4 0 12
3 4 1 3 15
3 14 7 12 4
3 14 24 9 2 17 4 12
3 4 13 10 26 0
3 7 5 26 19 12 5
3 26 0 6
3 5 24 21 9
3 7 9 24 12
3 14 9 24 1 5 18 4
3 26 12 18
3 26 5 13 3 10
3 26 5 1 18 5 26
3 26 21 18 13
3 14 9 8 19 5 25 4
3 14 4 9 21 23
3 9 18 24 26
3 5 9 4 26
3 24 5 25 9 13 1
3 0 15 3 24 9
3 26 21 18 5
3 7 26 19 9 5
3 12 13 18
3 5 26 9 13 4 12
3 4 25 25 1
3 4 1 9 1 17
3 9 26 0 24 23
3 26 12 7 10
3 24 5 7
3 9 26 5 13 9 23 4 5
3 0 24 25 18
3 12 18 19
3 26 9 25 24
3 14 9 25 1 10
3 12 8 23
3 26 1 26 9 5
3 9 3 25
3 0 9 17 10 15
3 24 25 5
3 5 15 15 9 0
3 9 5 2 12
3 12 10 0 5 9
3 24 4 15
3 4 13 5 24 26 4
3 16 5 25 12 1 5
3 16 9 26 25
3 9 18 5 21 9
3 18 25 19 13
3 16 5 15 1 12
3 4 10 26 7 10 5 26
3 14 9 10 12 13
3 14 7 24 13
3 4 5 23 13 5
3 12 5 18 1
3 14 9 13 9 12
3 16 5 9 1 0 5
3 4 9 10 12 13 1
3 16 9 26 0 13
3 26 0 13 8 1
3 25 3 23 1
3 24 5 8 4
3 0 19 17 10
3 14 9 0 21 5 9 5
3 25 3 23 5
3 14 26 5 0 1 21
3 9 18 9 1 25
3 1 10 24
3 14 9 3 5 23 19 4
3 3 5 13 18 4
3 16 10 26 12
3 5 25 9 7 9
3 14 9 12 5 3 2 4
3 0 24 1 3 13
3 5 26 7 15 13
3 16 24 4 0
3 26 24 5 26 13
3 24 1 3 13 13
3 5 10 24 1 9
3 9 21 0 15 13
3 9 26 15 18 25 15
3 4 9 26 7 26
3 5 12 0
3 0 9 9 7
3 14 23 13 12
3 1 18 24 1
3 14 9 13 3 1
3 26 0 15 25
3 26 5 0 5
3 1 24 23 9
3 12 18 1 12
3 4 15 5 25 24 12
3 5 9 12 18 4
3 8 5 0
3 1 5 23 18 9 13
3 0 5 25
3 4 9 4 9 5
3 16 2 3 4
3 16 5 12 5 1 6
3 16 9 10 25 0
3 5 9 1 9 5 0
3 5 5 12 15
3 0 13 5
3 24 19 10 9 5
3 1 5 25 26
3 0 25 9 3 23
3 16 1 5 4
3 24 5 4 8 12
3 9 15 12 9 21 26 5
3 9 12 1 7 5
3 4 1 24 4 5
3 5 26 9 1
3 4 5 10
3 8 5 19 25 26
3 14 7 24 13 5
3 14 9 13 12 18
3 14 5 12 10 0 5
3 16 5 9 12 18 12 5
3 0 25 0
3 12 12 13 9
3 0 15 23
3 14 9 3 17 7
3 9 3 17 7 5
3 4 10 12 12
3 4 9 1 0 1
3 14 5 24 13 12
3 0 13 9 12 18
3 18 9 3 5 4 12 5
3 5 15 9 1 5
3 9 26 0 21 13
3 8 12 25 5
3 14 9 26 1
3 3 1 0 5
3 9 18 5 1 5 25
3 4 15 19
3 12 5 10 26 0
3 18 24 5
3 4 9 4 15 4
3 11 12 4 5
3 17 15
3 14 5 24 3
3 11 5 19 25 12
3 14 7 12 5
3 9 13 9 10
3 18 24 6 4
3 23 6 7 5
3 18 3 15 13
3 9 3 3
3 26 24 7 17 5
3 0 25 15 5
3 16 9 13 0 5
3 4 9 19
3 25 3 7 4
3 18 3 13 5
3 16 24 4 0 5
3 14 26 5 12 10
3 14 9 15 5 1 15
3 18 15 21 4 5
3 4 26 0 12
3 5 26 24 5 1 2 5
3 1 1 12 4
3 9 24 5 13 0 4
3 26 15 25 1
3 26 9 24 1 10
3 4 10 25 19 15 10
3 4 15 5 13 0 5
3 24 4 21 9 5
3 12 5 10 5 4
3 14 9 12 9 0 4
3 25 19 26 9
3 5 15 5 10 15
3 9 26 25 5
3 1 5 6 18 12
3 14 5 7
3 9 13 3
3 4 10 9 24 7 0
3 12 9 7 1
3 14 9 3 18 5 15 4
3 4 10 26 9 24 1 13
3 12 9 5 0
3 24 13 5 18 4
3 14 9 24 0 25 15 4 5
3 14 9 5 12 4 5
3 5 15 1 5
3 4 6 5 1
3 0 9 5
3 4 15 18 5
3 12 10 0 13 12
3 1 26 5
3 24 1 3 13 4
3 12 4 23 1
3 9 18 9 2 15
3 0 5 8 7 13
3 11 3 1 5 18 12
3 26 5 13 9 13 26
3 4 24 26 17 15
3 4 1 18 5 26 4
3 24 2 9 1
3 9 24 19 1
3 12 9 3 2
3 0 4 12 0 12
3 5 15 13
3 25 5 15 23 24 7
3 11 12 13 1
3 14 9 15 25 0 24
3 4 10 26
3 16 9 0 12 5
3 9 15 2 13
3 5 8 19 25 15 5
3 16 5 24 0 4
3 16 5 25 9 24 4
3 12 12 23
3 14 4 24 1 0 12
3 11 13 18 12
3 4 1 2
3 12 9 7 5
3 16 9 3 9
3 4 13 25 5
3 12 5 3 2 1
3 26 5 13 12 25
3 5 0 13 8 5
3 5 19 9 17 5 4
3 9 4 5 12 0 1
3 16 5 6 7
3 4 15 23
3 5 3 13 18 13
3 16 9 18 9 25 24
3 16 5 3 6
3 14 1 12 1
3 26 5 15 13 0 15
3 14 10 7
3 4 15 5 9 4
3 5 24 19 17 9
3 4 15 26 15
3 24 5 13 25 0
3 26 7 0 5
3 4 10 6 9
3 24 3 17 12
3 20 24 21 13
3 16 9 15 23 5
3 5 1 24 7
3 24 13 25 4 12
3 12 0 5 4
3 5 25 2 9 5
3 24 19 18 1
3 12 18 13 13
3 9 26 24 7 1
3 12 9 7 4
3 4 10 26 5 10 12 13
3 5 1 26 10 9
3 4 13 4 9 3 9
3 26 5 23 3 21
3 4 12 0 1 12
3 26 9 24 25 5
3 4 13 25 19 15
3 3 5 12 9 5
3 5 3 9 2 9
3 0 9 13 13 18
3 24 13 5 9
3 4 10 24 1 3
3 14 0 12
3 1 12 7
3 9 24 19 17
3 5 1 12 1
3 14 9 13 5 24 13
3 26 3 18 13
3 9 12 18 12
3 4 8 9 1 4
3 9 6
3 24 19 10 9
3 14 9 1 5 8 4
3 4 24 5 1 2 5
3 4 6 4 5
3 23 3 21 4 5
3 6 19 1
3 14 26 10 5
3 18 9 25 26
3 5 24 13 5 9
3 5 26 10 12 13 13
3 5 12 13
3 4 12 2 18 4
3 4 25 18 15 4
3 5 10 12 4
3 0 19 24 13 12
3 4 15 5 21 9 7 4
3 12 0 5 12
3 14 5 23
3 20 12 0 12
3 7 26 19 13 12
3 5 7 12 25 9
3 9 3 17 5 13
3 1 26 9 5
3 24 5 15 10 1
3 7 1 6
3 12 9 10 9
3 14 13 5 24
3 0 18 1
3 12 9 3 1 13
3 12 25 1
3 17 12 23 5
3 24 19 4
3 0 24 23 13 4
3 9 10 12 5 4 5
3 9 1 12 5
3 1 5 23 18 9 5
3 1 26 10 15 5
3 26 12 25 13 13 5
3 12 25 13 12
3 5 21 7 24 9
3 4 13 26 5 25 19 15
3 12 7 9
3 4 12 5 21 13
3 16 24 7
3 12 24 5 2 12
3 25 3 23 13 12
3 9 0 1 13
3 26 12 5 18 19
3 25 18 9 5
3 18 1 5 24 13
3 6 5 1 12
3 4 10 3 1 12
3 25 7 10
3 14 9 13 12 18 15
3 4 13 3 0 4
3 9 15 26 3 13 18 4
3 11 1 5 25 1
3 26 5 15 7 13
3 1 25 7 9
3 4 9 24 4
3 16 1 4
3 5 15 10 5 26 1
3 3 9 7 9 4
3 12 1 5
3 26 3 5 1 18 1
3 14 9 24 19 0 1
3 24 9 7 1
3 4 19 24 7
3 4 25 3 7 4
3 23 6 7 26 5
3 14 9 23 9 6 7 13 4
3 13 0 5
3 24 26 0 1
3 1 9 24 12
3 4 10 1 24 23 1
3 9 18 5 2 15
3 5 1 12 7
3 5 3 18 21
3 5 3 9 13
3 26 9 7 25 13
3 16 13 25 1
3 25 24 5 25
3 0 7 15 3 13
3 4 12 18 13 5
3 4 13 25 0 1
3 12 0 13
3 14 9 26 18
3 26 5 15 18 12
3 16 24 9 19 25
3 5 3 13 18
3 25 9 0 12 5
3 14 24 8 1 5
3 12 10 0
3 7 5 24 4
3 4 10 23 3 21
3 4 5 18 24 19
3 1 5 25 9 5
3 26 9 25 9 13 7
3 4 10 26 3 5 1 18
3 16 5 10 25 9
3 14 24 1 0 12
3 4 24 5 4 15 13
3 24 0 25 5
3 4 3 25 4
3 3 13 5 18 4
3 5 26 18 3
3 4 15 1 9
3 14 9 13 5 0 12 5
3 26 5 3 18 5 13 4
3 14 9 13 12 5 18 5
3 5 15 26 15 5
3 23 5 7 4
3 4 3 12 9
3 23 24 5
3 26 15 1
3 0 10 12 13 5
3 1 7 5 24 5
3 4 10 24 5 0
3 2 12 19 13
3 5 10 12 4 26 4
3 11 18 24 6 12
3 24 7 0 26 9
3 14 9 10 0 12 13
3 3 13 12 12 5
3 5 26 13 7
3 5 3 1 0
3 0 5 12 1 1
3 14 9 21 23
3 24 25 0 1 5
3 14 9 18 24
3 4 25 5 13 12
3 4 12 10 9
3 9 15 5 9 1 0
3 14 26 5 7 15 4 12
3 11 12 4 26 4 12 5
3 1 5 8 5
3 4 18 24 4
3 4 18 25 26
3 16 7 1
3 26 9 15 1 26
3 0 1 21 5
3 12 25 13
3 0 5 4 12 5
3 4 12 9 12 1
3 9 3 9 5
3 18 2 15 1
3 4 13 5 23 1
3 5 6 9
3 14 9 1 24 5
3 4 10 26 1
3 9 13 3 13
3 14 9 25 0 24
3 9 10 5 7
3 4 10 12 15
3 24 19 17 9
3 5 23 9 3 21 9 5
3 14 9 24 13 5 0
3 24 5 1 4
3 5 12 9 7
3 22 7 13 5
3 14 9 25 15 0 4
3 9 26 24 26
3 4 23 15 9
3 16 9 15 12 9 0
3 14 9 5 12 15 4 5
3 26 12 6 0 5
3 5 3 5 9
3 4 7 13 25 5
3 1 9 24 23
3 9 18 9 25 26 1
3 25 3 23 26 4 12 5
3 14 9 12 12 4 13 5
3 4 5 23 0
3 9 24 5 1 2 5
3 24 19 4 12
3 9 13 7 24 12
3 0 12 10 9 4
3 4 26 12 19 4
3 14 9 12 10 4
3 4 10 6 5 18 1
3 4 3 5 24 4
3 5 15 26 9 5
3 1 0 5 13 5
3 3 2
3 12 10 0 13
3 14 26 9 24 1
3 0 26 5 10 12 13
3 26 5 12 0
3 16 9 19 12 0
3 23 9 7 24
3 26 19 25
3 25 24 3 13 1
3 4 2 2 25 1
3 9 3 5 3 2
3 4 13 4 4
3 5 12 19 15
3 9 24 26
3 14 9 3 1 18
3 24 21 7
3 14 9 0 13 8 4
3 11 9 24 21
3 4 10 9 13 9
3 6 2 24
3 9 26 0
3 5 8 12 13
3 1 7 24 5
3 4 13 1 5
3 5 9 15 6 5 0
3 22 5 7 4
3 14 9 24 5 23 13 5
3 4 10 9 1 0
3 14 4 9 0 12 19
3 26 5 9 7 12
3 26 24 25
3 12 10 25 5
3 1 4 6 1
3 5 1 9 24 23 9 5
3 5 15 5 21 24 1
3 26 18 5
3 16 5 15 1 12 5
3 14 9 24 21 13 13
3 4 0 21 13
3 16 9 9 5
3 26 1 10 25
3 12 1 7 5
3 11 9 26 5 0 12 19 15
3 5 13 5 12 25
3 24 5 24 3
3 16 0 21 4
3 23 9 3 21 4 12
3 14 9 21 18 4
3 5 26 12 25 13 13
3 26 5 26 5 0
3 0 9 15 12 9 0
3 14 19 24 5 18
3 24 5 21 18 9
3 9 15 5 18 13 1
3 9 24 9 18
3 9 0 25 13
3 24 19 18 12 5
3 14 9 15 9 1 13
3 26 5 12 5 18
3 26 5 0 12 13
3 4 5 6 7
3 26 5 21 13 1
3 5 1 24 23 12
3 14 9 8 19 25 13
3 9 12 4 26
3 3 9 13 5
3 14 25 3 7 26 4 1
3 26 5 15 1
3 12 3 1 5 4 5
3 5 13 13 5 24 5
3 8 5 25 23 1
3 1 5 25 0
3 16 8 12 25
3 5 8 19 25 9
3 5 2 1
3 3 1 10 15
3 5 5 12
3 26 5 1 0 4
3 4 21 24 7 15
3 11 12 0
3 14 9 15 19 12 13
3 16 9 1 24 1 24
3 0 5 1 26 5
3 18 24 6 13
3 5 18 9 25 24 9 5
3 14 4 12 4
3 5 15 9 4 5 12 0
3 4 5 1
3 26 24 5 1 2 5
3 25 0 5 24 4
3 5 26 25 0 12
3 4 9 10 12 13
3 5 5 4
3 12 5 1 6 13
3 24 9 21 23
3 9 3 5 12
3 26 25 5
3 26 24 7 5 13 13
3 5 15 26 15
3 7 26 19 4 1
3 5 15 9 26 5 1 0 12
3 11 12 4 26 4
3 12 1 15
3 5 3 2 1
3 0 5 12 1 5
3 20 17 10 4
3 20 9 23 26
3 1 6 10 9
3 4 25 13 7 5
3 5 3 1 12
3 5 25 24 3 5
3 4 14 4 12
3 7 10 5 4
3 4 12 2 15
3 14 24 7
3 23 19 15 5
3 5 4 13 10
3 24 13 25
3 26 5 3 12 5 26
3 5 26 15 9 1
3 4 1 24 18
3 0 3 25
3 26 5 7 19 25 13 5
3 16 15 5 1 26 4 12
3 12 5 10 5 4 5
3 4 26 26 15 5
3 9 15 26 1 6 18
3 14 9 1 15 18
3 9 13 25 1
3 14 0 5 4
3 0 8 25 23
3 18 21 1
3 5 7 5 24 5
3 26 18 3 13
3 11 9 3 17 7 5
3 17 19 0 5
3 7 23 5
3 14 9 26 13
3 4 10 15 5 7 9
3 0 26 1 23 15
3 14 15 5 5 18
3 24 19 18 12
3 24 5 23 13 13 5
3 24 23 5 1 5
3 23 5 24 9
3 25 5 13 9
3 9 0 9 25 15 12
3 4 13 3 26
3 5 9 24 25 5
3 14 3 13 5 18 1 5
3 20 17 10 1
3 0 26 9 5 6
3 9 25 19 15 5
3 14 9 9 5 2
3 26 5 23 12 7 1
3 5 18 3 26
3 8 19 25 13 13 5
3 5 15 1 24 23 1
3 11 9 24 1
3 14 21 24 0
3 25 19 15 1
3 14 9 0 10 12 7
3 26 18 25 26
3 2 7 1
3 12 23 25 4
3 14 4 9 15 1 5
3 12 5 10 12 1
3 24 13 18 4
3 26 13 23 15
3 4 12 1
3 9 26 19 25 1
3 1 9 25 4
3 25 0 10
3 16 5 26 1 25
3 4 10 15 9 18
3 9 8 19 25 13 12
3 4 10 26 9 24 1 12
3 18 3 5 15
3 26 5 7 19 25 13
3 14 9 24 5 24 1
3 26 12 10 26
3 4 10 15 18 13 12
3 26 18 3 4
3 14 26 5 24 5 3 12
3 16 9 0 9 2 25
3 0 15 9 3
3 14 9 24 5 24 0 5
3 15 9 24 26
3 3 5 3 2
3 5 13 5 23 9
3 24 9 23 13
3 26 5 10 12 13 12
3 9 7 9 25 13
3 4 12 5 18 1
3 9 2 1
3 5 26 13 25 0
3 16 24 7 0
3 11 5 24 0 5
3 14 26 5 5 4
3 3 7 9 5
3 5 12 18 9
3 4 25 25 5
3 23 7 25 9 12
3 4 10 19 0
3 4 9 7 26 19 1
3 14 9 0 5 2
3 5 25 23 1
3 16 4 5
3 1 4 0
3 0 12 18
3 14 9 12 25 5 10
3 14 9 25 24 19
3 8 5 19 25 12
3 3 9 2 13
3 26 24 25 13
3 4 24 4 8 1
3 5 12 12 4
3 9 26 13 25 0
3 12 0 18 13 25 9
3 9 3 18 5 13 12
3 4 26 9 6 7
3 26 5 24 5 21
3 5 12 5 23
3 24 19 10 12 5
3 14 9 10 12 13 5
3 5 7 10
3 14 9 5 2 1
3 9 15 4 5 10
3 25 1 9 5
3 3 5 17 13
3 12 10 9
3 11 15 5 21 24
3 4 24 5 4 15
3 23 5 7 10
3 16 4 12 10
3 24 5 13 25 12
3 9 18 25 9
3 25 19 15 12
3 1 5 26 10 9
3 9 24 5 24 13 1
3 9 15 4 5 10 1
3 4 10 3 17 7
3 5 18 9 13 25 9
3 4 7 15 0
3 4 25 0 12
3 1 25 4
3 9 3 13
3 18 2 15 5
3 14 9 13 10 7
3 24 5 3 26
3 14 19 17 0 4 1
3 1 25 9 5
3 14 24 9 5
3 26 5 15 24 1
3 9 4 5 12 0 13
3 16 5 19 21 4
3 14 9 18 25 26 5
3 7 9 24 21 1
3 4 13 7 12 13 12 4
3 26 18 1 24 0 5
3 4 10 13 25 1
3 9 26 26 15
3 9 24 25 12
3 16 6 0
3 9 5 7 0
3 9 7 9 24 1 5
3 26 25 12 19 5
3 4 24 1 18
3 5 7 5 24 10
3 17 0 13
3 0 5 1 5
3 4 18 26 4
3 16 26 5 15 5
3 4 13 26 1 24 23 4 5
3 1 24 18 12
3 9 12 9 5 0
3 4 21 18 4
3 5 9 12 18 1
3 0 25 15 4 5
3 16 8 23
3 26 5 24 26 5 15 4
3 14 9 18 3 9
3 24 21 9 1 5
3 0 13 12 5
3 4 13 25 15
3 4 13 9 0 5
3 4 12 5 10 5
3 9 15 9 13 25 4
3 14 9 8 19 5 25
3 26 25 25
3 1 5 25 1
3 16 25
3 16 9 10 4 12
3 12 9 19 25 4 12 5
3 14 12 5 18 1
3 4 10 18 24 6
3 4 12 5 18 5
3 9 10 15 0
3 16 9 24 26 1
3 3 12 26 5
3 26 5 1 25 7 13
3 7 12 5 13 13
3 5 0 21 13 9
3 4 26 12 0 25 5
3 7 13 25
3 16 5 21 24 1
3 4 9 12 18 12
3 4 0 13 5
3 5 24 5 19 17 26
3 0 25 13 5
3 11 3 9 1
3 16 9 24 1 2
3 14 9 18 3 5 9
3 5 15 12 10 0 5 26
3 1 18 24
3 9 26 24 1 3
3 26 5 23 3
3 26 9 13 4 12
3 4 15 5 1 12
3 14 9 0 21 5 9 4
3 3 18 4
3 14 9 12 18 1
3 14 9 13 12
3 9 25 5 23
3 5 15 26 0
3 26 5 12 10 12
3 14 9 24 5 24 13
3 14 5 0 26 19
3 18 1 5 18 12
3 4 12 7
3 5 23 6 7 9
3 4 5 21 5
3 26 3 5 1 18 12
3 26 0 5 1
3 16 1 26 10 5
3 5 9 23 7
3 4 10 4 5
3 14 7 12 1
3 4 10 9 13 7 24 1
3 4 19 0
3 13 25
3 9 13 10 26 1
3 4 26 9 1 24 4
3 25 13 25
3 18 24 26 12
3 16 5 5 18 4
3 9 3 2 1
3 12 18 9
3 5 13 7 12
3 9 24 9 7 1 12
3 5 9 25 5 3 23
3 12 4 0
3 5 1 4 0
3 9 26 12 3
3 3 5 13 18 1
3 24 3 17
3 4 18 5 26
3 16 9 18 13 5
3 16 10 9 5
3 14 9 15 4 5 10
3 9 3 5 17 9
3 26 25 5 7 15 5
3 14 26 3 18 1
3 11 12 26
3 4 10 26 13 0 5
3 25 19 15 5
3 4 13 5 4
3 5 5 25
3 14 9 12 3 1 5 13
3 4 18 1 25 5
3 16 13 26 5
3 9 1 24 18 13 4
3 4 13 5 24 26
3 1 5 24 23 12
3 17 0 5 13 4
3 3 17 9
3 14 1 5 25 1 5
3 26 5 18 1 21 0 5
3 4 26 5 19 9 15 4
3 0 5 3 7
3 4 10 26 12 7 15
3 4 15 9 3 18
3 26 1 4 12
3 20 3 24 13 4
3 14 18 19
3 16 24 23
3 5 10 17 15 5
3 4 24 13 0
3 14 4 9 1 9 5 0
3 5 15 4
3 16 9 3 5
3 11 5 26 12
3 11 1 1 12
3 4 10 13 9 25 9 5
3 4 3 5 1 18 15 5
3 4 10 9 24 18 25 1
3 14 26 12 5 18 19
3 24 7 17
3 5 24 19 18
3 4 21 18 1 5
3 24 9 19 10
3 11 24 3 12
3 16 25 18 10
3 4 12 12 25
3 4 13 26 18 3 9
3 20 0 12
3 5 3 18 5 13
3 11 4 13 12
3 4 26 26 15 0
3 4 13 5 7
3 14 9 26 18 4
3 14 10 24 3
3 16 13 1
3 4 18 3 1
3 7 1 6 26
3 14 4 9 3 5 23 19
3 16 5 25 0 24 4
3 9 25 9 12 25
3 12 23 25 13
3 12 25 5 13 5
3 26 5 13 25 5
3 1 4
3 4 24 13 0 13
3 24 5 21
3 26 5 10 17 4
3 20 9 17 5 9
3 11 26 9 24 1 1
3 14 12 12 25
3 5 12 10
3 0 7 15 3 13 12
3 0 13 8 26
3 14 0 24 1
3 12 12 25 4
3 26 9 24 23 5
3 22 24 25
3 24 2
3 5 6 7
3 0 10 5 25 7
3 17 5 15 13
3 14 5 24 3 1
3 26 5 13 0 4
3 25 0 5 24
3 4 19 9 12 7
3 26 5 26 25 12
3 3 3 1
3 18 9 19 5 26
3 4 26 23 6 7
3 25 13 9
3 9 9 15 18
3 12 2 26 5
3 9 4 5 15 9 18
3 4 5 5
3 14 9 25 5 18
3 26 24 10
3 12 3 1 4 12 5
3 5 9 12 10
3 18 12 1 26 26
3 9 10 0 12 13 5
3 5 5 4 5
3 24 5 23 13 13
3 5 23 1
3 5 12 18 13
3 16 13 5 5
3 4 12 18 5
3 24 13 0 26
3 16 9 1 4 12 5
3 24 1 3 0
3 4 19 5 17
3 4 9 7 12
3 9 26 24 10 6
3 4 26 1 4 0
3 4 10 9 18 24
3 14 24 26 5
3 1 5 24 10
3 4 10 9 8 19 25 13
3 4 15 7 13 1
3 9 24 5 21
3 4 13 23 15
3 0 18 1 25
3 26 5 0 13 5
3 0 15 24 7 0
3 14 8 19 25
3 3 18 1 5
3 14 13 6
3 9 15 19 5
3 1 25 5 13 1
3 4 5 18 15
3 12 5 25 13 9
3 18 5 25
3 26 24 7
3 25 0 24 4
3 14 10 9 4 5 12 0
3 12 18 4 4
3 4 10 7 5 10 1
3 12 25 4
3 24 23 25 5
3 1 9 26 0
3 24 23 1
3 7 24 6 13 12
3 26 24 10 9
3 26 0 9 12 18
3 4 8 9 12 19 5
3 14 13 5 12 25
3 1 26 13 12
3 12 12 7 12
3 3 9 13 25 4 12
3 18 5 25 9
3 14 26 21 18
3 5 24 9 18
3 4 24 1 25 15
3 0 15 19 4
3 1 25 26
3 18 13 25 0
3 8 1 25 12
3 20 17 5 26
3 20 3 24
3 24 4 8 4
3 4 15 5 25 9 0 24 12
3 9 13 9 12
3 24 7 9 5
3 14 9 13 5 18 6 5
3 26 0 15 23
3 16 9 25 0 24
3 12 5 1 13
3 24 1 3 1 5
3 16 1 26 10
3 14 15 9 0
3 12 12 18
3 11 25 3 5 23
3 9 21 7
3 5 24 7 1
3 0 5 12 10
3 5 23 25 9
3 26 7 0 4
3 4 10 24 5 17 7 13
3 26 5 13 25 0
3 11 9 3 17 7
3 14 9 26 25 5
3 24 23 1 13 4 5
3 11 15 13 5
3 26 7 15
3 14 5 25 12
3 4 0 24 15
3 22 24 0 4 1
3 18 13 25 5
3 26 5 7 24
3 9 21 9 24 18
3 12 7 15 26
3 9 26 9 0 24
3 9 26 5 9 4
3 12 1 23 26
3 4 10 19 24 8
3 12 9 12 7 5
3 4 10 0 12 13
3 9 13 9 1 5
3 14 25 9 5
3 23 9 6 7 4 12 5
3 11 18 24 6
3 26 4 23
3 24 19 17 13 12
3 5 15 12 1
3 3 9 2 4 5
3 5 25 24 19 5
3 9 25 9
3 5 25 24 3
3 4 12 0 12
3 26 5 0 13 8 4
3 14 9 24 1 5 23
3 0 5 5 4
3 23 5 7 24 13
3 9 0 5 1 13
3 9 18 25 19 5
3 26 0 13 8
3 5 15 9 12 18
3 4 10 9 3 17 7 1 5
2 7 10 25 9
2 26 5 24 10 12
2 5 0 9 1 4 5
2 4 24 25 18 5
2 9 1 24 18
2 9 7 13 21
2 16 1 24 7
2 0 7 24 0
2 26 5 3 19
2 5 24 1 5 25 9
2 12 0 10
2 14 1 6 18
2 26 5 12 9 2
2 4 24 5 23
2 24 9 15 25 5
2 14 9 13 1 5
2 22 24 0 1 5
2 24 5 4 8 5
2 5 0 1 5
2 26 15 13 0 13
2 11 7 5 24 5
2 25 18 9
2 4 3 5 0 13
2 0 15 3 10
2 14 4 9 24 5 2 13
2 18 21 1 12 5
2 24 13 25 13 5
2 12 18 9 5
2 5 2 4 9
2 9 19 5
2 16 3 5
2 9 13 12 18
2 24 10 6 5
2 16 5 9 12 18 4
2 14 10 5 26 1
2 26 5 10 12 13 5
2 16 5 0 12
2 9 15 5 25 12 1 5
2 11 26 5 23 26
2 4 9 24 3 15
2 9 10 13
2 3 18 5 13 1 5
2 11 26 13 0 1
2 16 9 24 5 8
2 5 15 9 12 0
2 0 9 13 25 1
2 4 8 13 5
2 16 5 12 12 13 9
2 9 24 25 0
2 14 4 9 3 9
2 9 2 9 17 13
2 5 13 5 23 13 13
2 0 1 9 5
2 2 7 4
2 26 24 5 21
2 11 13
2 9 12 4
2 0 18 24 26 12
2 18 5 25 9 1
2 4 2 2 25
2 26 18 23 1 1
2 4 5 12 25 5
2 9 15 13 9 25 9 5
2 20 5 17 1
2 16 8 1 4 5
2 5 26 24 4 8 1
2 9 3 12 5 13
2 5 23 19 15 5
2 14 12 5 7
2 16 5 13 7 24
2 5 26 24 0 19 26
2 4 26 5 18 24 12
2 9 26 5 5 21 13
2 16 23 6
2 26 12 5 1 25 5
2 8 12 25 26
2 16 9 3 5 13 18
2 26 24 24 5 17
2 9 10 24 3 13
2 4 24 3 13 5
2 16 9 1 26 9
2 14 9 21 9 24 18
2 4 3 7 10
2 1 24 23 12
2 0 4 12 5 10
2 9 3 2
2 4 17 10 1
2 26 13 0 1 12
2 5 26 9 24 1 12
2 14 26 5 1 25 7 13 1
2 4 15 18 9
2 14 9 12 5 12 2
2 6 24 13
2 24 6 10 0
2 14 9 24 18
2 4 15 9 1 1 5
2 4 9 18 25 9 1
2 24 9 18 25 12 5
2 5 15 9 6 0 4
2 5 1 5 25 7 9
2 12 5 10 5 5 5
2 20 12 0 4
2 5 23 6 7 26 4
2 16 4 9 10 24 3
2 16 21 7 24 12
2 5 18 8
2 24 25 18 1 5
2 18 8 13 5
2 26 0 12 5 13 1 5
2 0 15 3
2 1 0 25 9
2 4 13 26 9 12 26 5
2 14 15 9 9
2 4 9 7 26 19
2 8 18 5 13 12
2 5 18 1 21 0 1
2 14 12 5 18 10
2 11 17 15
2 5 4 9 18 24
2 5 18 3 13 1
2 26 12 5 18 12
2 4 10 9 18 3 5 9
2 16 1 0 1
2 14 9 12 3
2 26 13 1
2 26 13 10 7 1
2 4 26 15 0 12
2 9 26 0 19
2 1 24 23 26
2 5 6 1
2 5 3 23 19 5
2 22 5 7 13
2 5 26 1 4 0 12
2 4 26 24 3 15
2 18 9 25 5 26
2 9 15 24 23
2 4 10 26 9 5 2
2 14 9 13 7 24 5
2 0 26 12 26
2 26 5 12 18
2 1 8 9 9
2 26 5 21 5 7
2 23 12 17 5
2 14 15 5 25 12
2 1 5 26 10 5
2 20 12 7
2 5 23 6 7
2 12 9 25 13 4
2 14 0 9 1 9 5
2 5 1 25 26 5
2 4 26 12 25 13 13
2 4 26 24 1
2 9 26 18 3
2 9 24 25 1
2 4 10 24 0 5
2 9 24 23 1
2 24 19 18 4
2 1 9 24 1
2 26 18 24 21
2 1 24 18 13 4
2 5 26 1 4 0 13
2 16 9 18 24 26 5
2 9 25 5 3 23 12
2 4 15 9 6 0 4
2 26 9 15 7 5
2 16 9 24 21 13 12
2 0 15 12 9 0
2 4 10 5 12 25 9 5
2 9 7 5
2 0 6 24
2 24 7 1 26 5
2 24 5 23 13 1
2 5 25 3 5 23 1
2 5 10 12 4 26 9 5
2 4 15 5 25 0 24 4
2 14 9 24 18 25
2 9 6 7 5 0
2 5 3 23 19
2 14 9 21 23 12
2 14 9 6 18 12
2 4 15 24 9 17 9
2 5 26 1
2 14 13 3
2 9 15 0 5 5
2 4 18 1 24 0 4
2 0 9 15 9
2 5 9 26 19 25
2 14 5 24 1 5
2 3 5 17 9 1
2 14 26 10
2 5 4 18 9 3 9 5
2 9 13 23 5 15
2 14 7 5 10 5
2 0 9 3 2 15 5
2 14 9 6 24
2 4 26 24 23 7 5
2 26 5 3 5 18 26 5
2 14 9 24 8 5 25
2 24 19 18 4 5
2 0 24 25
2 26 1 4 0
2 14 5 23 15 5
2 14 9 15 25 5 5
2 9 13 9 13 1
2 16 9 24 17 18
2 0 9 24 1
2 4 10 5 21 13
2 24 3 0
2 7 26 19 1
2 25 5 23 12 13 5
2 0 24 13 5
2 26 13 24
2 11 24 1 9 1
2 16 24 7 1
2 11 17 15 12
2 3 9 3 9
2 5 13 18 12 5
2 5 0 17 10
2 24 17 7 9 5
2 16 9 12 0 10
2 26 5 9 24 0
2 4 10 9 19 1
2 9 26 25 18 1
2 16 5 18 13 25 9
2 5 10 24 1 9 12
2 4 10 26 5 3 19
2 11 9 25 7 5
2 9 25 5 0 5
2 14 4 12 1
2 18 9 25 5 13
2 26 10 24 0
2 5 3 5 1 10 5
2 26 1 26
2 14 9 9 5 12
2 5 13 12 25 12
2 5 1 1 5
2 9 12 1 13
2 4 10 24 1 12
2 5 7 10 25 9
2 12 5 25 12
2 4 15 9 1 1
2 16 1 1
2 4 10 26 9 1
2 4 1 3 15 1
2 24 5 13 25 12 5
2 5 15 9 4 5 12 0 12
2 14 12 5 10 5
2 14 9 13 5 26 4 5
2 4 1 23 15 5
2 0 26 13 10 7 5
2 26 12 1 5 0
2 24 5 17 12 5
2 4 10 3 5 1 10 1
2 16 9 24 21 13 1
2 25 23 1 13
2 11 5 12 13 9
2 24 9 6 7 1 1
2 0 9 13 25 5
2 26 5 1 9 26 15 5
2 4 13 21 24 0
2 8 12 19 12
2 18 25 24 5
2 26 12 7 15 1
2 9 4 5 13 5 9
2 14 3 23 19
2 0 13 12 25
2 14 9 8 25
2 0 5 4 25
2 9 26 18 3 1
2 5 2 15 18 26 9
2 4 25 1 9
2 14 10 8 19 25 13 1
2 12 21
2 9 7 19
2 24 21 5 0
2 7 10 5
2 26 12 24 5 18
2 3 9 3 9 4
2 14 4 9 15 19 5
2 12 5 10 5 12 5
2 14 21 18 5
2 9 15 9 17
2 5 3 1 10 9
2 9 8 19 5 25
2 9 24 9 1 3 1
2 4 12 9 2 0 5
2 9 0 26 19
2 18 12 17 1
2 5 17 7
2 9 7 1 6 13
2 16 5 24 7 5
2 0 12 19 12
2 14 9 1 4 5 0
2 5 15 7 9 5
2 14 9 13 5 0 12
2 4 0 24 13 4
2 24 6 15
2 18 5 1 25 4
2 8 5 25
2 24 18 25 5
2 26 18 13
2 16 5 13 0
2 14 9 3 5 26 18
2 5 3 2 15
2 24 5 6 13
2 22 18 9
2 14 9 13 26 4
2 16 5 15 0 5
2 5 26 0 15 23
2 4 12 9 12 4 5
2 5 9 15 1 13
2 4 9 3 1 18
2 7 25 13 5
2 9 25 25 1 1
2 4 24 19 17 0
2 12 2 3 4 5
2 8 9 12 25 5
2 12 0 26 9 1
2 18 12 17 4
2 5 4 5 24 13 25 5
2 5 15 5 10 26 10
2 24 13 25 13
2 24 21 5 9 5
2 14 4 9 24 5 1 2
2 14 9 8 19 25
2 9 0 24 9 13
2 24 10 0 15
2 26 9 15 9 13 25 4
2 16 24 5 7
2 5 18 24 19 9 5
2 5 15 3 9 1
2 20 9 8 13
2 9 7 24 6 13 4
2 8 5 13 0
2 18 3 26 5
2 14 9 8 25 19 15
2 9 24 21 9
2 4 12 17
2 4 15 5 9
2 26 24 18 5 1
2 26 5 0 1 4
2 4 24 5 13 1
2 5 1 6 18
2 14 9 7 1 6
2 26 9 12 10 26
2 23 24 6 4
2 0 5 12 25 5
2 5 12 5 19 9 5
2 4 1 3
2 17 10 13 5
2 4 10 26 1 4 0 1
2 1 5 26 10 9 5
2 25 9 0 24
2 16 4 9 12 18
2 3 18 5 12
2 10 13 25
2 5 2 2 5 13 26 9 5
2 14 9 7 1 6 4 5
2 5 4 5 12 10 0 5
2 26 5 7 26
2 14 26 0 13
2 14 10 7 5 7 9 15
2 4 10 15 5 7 9 5
2 4 1 4 3 13
2 5 9 8 19 25 13 1
2 8 19 25 12
2 8 18 13 10
2 16 9 3 13
2 20 2 15
2 5 4 3 25
2 11 9 26 19 25
2 23 9 3 21 5
2 5 21 24 9 5
2 7 24 26
2 16 2 3 12
2 5 24 6 15
2 3 17 9 12
2 14 3 5 17 1
2 0 24 23 0
2 5 25 18 13 5
2 4 10 9 26 5 23 3 21
2 4 13 25 0 4
2 12 0 23 24 1
2 25 5 24 19 10
2 5 13 12 25 5
2 9 13 5 9 1 5
2 14 26 9 25 18
2 14 9 12 2 3 4
2 25 7 10 5
2 6 0 13 5
2 9 15 15 5 7
2 0 26 13
2 16 5 4 9 26 5 19
2 4 3 5 23 19 4
2 14 9 18 25 24 12
2 4 10 5 25 24 3 9 5
2 26 12 5 18 5
2 23 26 15
2 14 12 5 17 1
2 4 10 9 6 24 1
2 24 1 5 23
2 5 25 5 18
2 14 26 3 5 1 18
2 4 25 5 3 23
2 26 10 24 1 12
2 14 18 25 19
2 4 9 6 7 5
2 5 15 9 13 12
2 14 9 0 13 8 13
2 26 18 3 1 5
2 1 2 15 12
2 4 12 18 15 5
2 26 5 1 18 5 26 4
2 25 24 25
2 23 12 13 18
2 18 9 25 5 4
2 14 9 12 2
2 5 9 1 0
2 9 5 23
2 7 26 19 0
2 0 25 5 15 0
2 5 15 9 13 12 4 5
2 9 26 9 1 12
2 9 2
2 5 26 3 18 1
2 16 9 3 10
2 14 26 5 24 13 25 13
2 9 15 1 9 26 4 5
2 16 5 4 9 15 3 0
2 5 4 0 9 1 9
2 5 26 9 15 1 13
2 11 24 1 0
2 0 21 5 4
2 12 5 10 4 4
2 9 5 2 4
2 9 2 4
2 12 9 18 24 13
2 14 9 3 23
2 0 9 12 18 5
2 25 3 23 26 9
2 26 24 26 5 9
2 26 15 25 1 5
2 9 24 9 18 12
2 4 13 3 0 5
2 0 7 1 3 13 12
2 5 13 10
2 4 18 1 24 0 1 1
2 12 12 4 5
2 11 18 24 6 12 5
2 26 5 12 3 2 13 5
2 26 0 24 13 1
2 25 3 23 26 4 12
2 5 0 24 5
2 18 13 5 25
2 14 12 2 24
2 26 3 13
2 12 1 5 9 1
2 0 3 7 9 5
2 4 10 12 4 26 0 5
2 4 24 5 15 13 4
2 5 9 26 5 1 0
2 24 19
2 26 5 12 3 2 13 4
2 24 9 6 7 1
2 26 5 13 21 18 4
2 26 23 12 17 5
2 16 5 10 26 1
2 16 5 3 1 0
2 4 13 5 23 0 5
2 20 24 5 18 1
2 16 9 10 13
2 16 1 24 5 23 12 5
2 5 19 21 9 5
2 14 9 25 5
2 5 24 5 2 26
2 16 13 0 9
2 24 21 23
2 24 18 1 26
2 4 13 10 7 1
2 5 0 24 23
2 14 26 5 13 7 12 13
2 0 1 4 3 5
2 1 5 26 0
2 26 5 18 5 21 23 13
2 5 12 5 25 13 9
2 3 12 9 9
2 24 26 17 1
2 25 9 13 12 7
2 4 10 17 9 10
2 14 9 24 25 9 12 5
2 0 9 18 9 1 25
2 5 15 5 19 21 1
2 7 23 12 5
2 1 5 0 10 12
2 5 26 18 1
2 5 9 15 1 5
2 5 26 0 8 7
2 16 10 25 12
2 0 15 4 5
2 26 0 13 5
2 12 10 9 4
2 12 5 10 13 4
2 11 17 15 5
2 5 18 9 1 9
2 26 5 24 21 5 21 7 4
2 1 1 12 5
2 26 3 9 1 18
2 1 10 24 5
2 0 17 13 7 5
2 9 24 1 3 5
2 14 21 24 0 5
2 9 15 9 18 13
2 5 24 13 0 5 9
2 7 24 5 23
2 5 26 0 9 1
2 24 9 1 3 1
2 16 4 9 3 9
2 4 0 24 0 5
2 5 10 1
2 5 8 19 25 15
2 4 9 7 9
2 12 3 1 5 13 5
2 23 9 6 7 4 12
2 4 10 26 24 18 2
2 14 9 0 21 13 15 4
2 4 10 26 12 18 19
2 3 18 4 5
2 4 12 17 13
2 3 12 5 4
2 0 24 23 25
2 4 7 15 13 5
2 9 13 10
2 9 25 3 23 13 5
2 26 5 3 5 21 13
2 9 13 10 26 5
2 3 9 2 15
2 5 13 5 23 9 5
2 9 7 1 25
2 0 9 15 25
2 3 5 17 1 5
2 8 5 7
2 5 9 24 7 0
2 14 9 13 7 24 4
2 5 21 5 24 18 26
2 14 15 5 4 13
2 24 21 7 1
2 3 9 12 5 4
2 14 9 15 9 15 26 4
2 4 19 1
2 3 5 23 19 9 5
2 9 15 9 18 5
2 12 18 5 1
2 1 24 23 1
2 4 26 3 23 19
2 5 13 23
2 4 10 15 5 21 24 1
2 4 15 15 9 0
2 14 10 26 3 18 1
2 18 2 5 15
2 5 15 10 24 1 0
2 23 5 7 1 5
2 4 15 9 23 1
2 5 0 12
2 14 26 5 13 25 1
2 14 9 24 13 5 25
2 5 1 0 5
2 14 9 24 26
2 6 7 19 1
2 14 9 8 7
2 24 5 4 15
2 26 0 21
2 14 9 1 9 1 24
2 5 19 0 1
2 11 26 24 0 19 26
2 4 26 7 13 5
2 26 5 0 12 19 15 1
2 7 24 19 9
2 7 10 5 4 1
2 11 24 1 4 12
2 16 13 0 5
2 9 13 5 9 1
2 24 4 15 4
2 16 9 15 4 10
2 0 3 7 12
2 0 5 12 0 9 4
2 18 9 13 25 4 12
2 18 25 9 12 0
2 16 9 0 9
2 4 13 8 25 13
2 9 25 15
2 4 7 9 12 17
2 4 26 9 0 24 5
2 11 9 13 26
2 22 13 7
2 22 19 7 9
2 5 25 7 9
2 14 9 12 3 2 13 5
2 12 12 5 4
2 0 23 5 25
2 12 9 12 10 5
2 14 23
2 12 9 0 10 5
2 9 26 5 19 13
2 4 15 15 24 0
2 9 3 13 21 15
2 22 7 24 9
2 4 10 26 15 9 1 13
2 4 9 15 19
2 12 5 25 13 26
2 14 12 18 12
2 4 3 5 26 4 5
2 12 12 7
2 12 18 4 5
2 26 5 19 5 21 13
2 5 23 12 7
2 24 5 18 1
2 26 9 6
2 24 7 17 13 12
2 4 13 26 25 3 23 5
2 9 19 1 12
2 24 6 18 12
2 24 3 4 12
2 24 23 25 9
2 4 25 13 7 1
2 26 5 13 1
2 1 10 25
2 26 18 25
2 24 1 3 4 5
2 1 26 10 5
2 12 5 19 15
2 14 7 12 12
2 25 0 24 1
2 24 9 23 4
2 5 26 5 13 9 5
2 0 24 8 13 12
2 5 26 5 15 5 5 18
2 5 9 25 18 13 10
2 6 9 5
2 3 25
2 26 5 3 5 4 12 5
2 16 5 7 1
2 26 13 7 12 13 1
2 9 24 19 12
2 26 5 23 12 7
2 5 7 1 6 5
2 0 3 7 5
2 14 26 13 10 7
2 18 13 3 4
2 4 1 1 12
2 16 5 3 6 1
2 12 3 2 13 10
2 3 1 18 12
2 14 26 1 25 7 13
2 14 9 10 12 13 12
2 4 10 19 0 1
2 9 3 18 1
2 4 18 5 1 25
2 4 10 6 5 18
2 26 9 15 25 4 4
2 16 9 0 5 19 0
2 25 5 23 9
2 26 25 24 1
2 24 4 21 9 4
2 7 5 26 19 12
2 7 1 3 13
2 12 1 2 13 5
2 9 6 5 7
2 20 8 5 25 5
2 3 1 1
2 5 0 24 23 5
2 16 9 13 13 18
2 12 18 5 4
2 5 12 12 4 9
2 25 24 5 3 12
2 14 25 13 5
2 0 0 9
2 4 26 0 1 5
2 26 0 25 12
2 5 9 7 0 12
2 23 25 13 24 3
2 26 3 5 18 26 5
2 24 9 6 7
2 26 9 24 9 0 25
2 5 15 5 4 5
2 5 12 3 5 2
2 14 9 9 15 25
2 5 18 5 24 9
2 20 5 17 12
2 9 13 0 5
2 4 13 4 9 3 2 1
2 5 1 9 24 23 26
2 9 26 0 5 12
2 1 9 24 23 9
2 0 9 13 12 18
2 9 15 5 2 9
2 5 24 13 25 9
2 3 23 19 9
2 9 10 5 12
2 5 25 23 1 9
2 16 15 18 4
2 14 10 5
2 9 26 5 1 0
2 4 1 24 4
2 1 5 25 13 12
2 4 10 26 23 3 21 1
2 25 5 24 3 0 5
2 9 13 3 23
2 24 5 24 1
2 5 0 24 23 9
2 9 3 18 4
2 4 18 26 9
2 4 10 25 15
2 16 0 21
2 14 4 9 6 24 12
2 26 7 13 25
2 4 10 12 9 12 18
2 1 1 5 15 9
2 4 12 26 9
2 4 15 0 12
2 9 25 24 5 3 1
2 4 23 15 26
2 5 0 24 9
2 16 5 26 9
2 26 24 5 21 5
2 14 3 9 1 5
2 0 26 9 13 3 23
2 5 9 18 3 5 9
2 4 13 4 1 4 5
2 14 9 23 9 3 21 5
2 14 9 1 25
2 5 1 9 25 4 5
2 5 4 5 7 1 6 26
2 12 0 19 24
2 16 15 1 5 5
2 4 9 15 18
2 14 3 13 18 13 12
2 24 19 17 1 5
2 16 1 9 5
2 14 9 13 5 12 25
2 5 24 17 9 26 4 5
2 8 9 1 26
2 24 26 5 9
2 14 9 13 26 5
2 5 26 26 12
2 16 4 9 15 1
2 4 3 15 1
2 4 9 24 1 4
2 16 5 24 7 0
2 7 12 13
2 26 25
2 26 12 5 17 4
2 26 13 12 7
2 12 17 19
2 3 9 13 26 5
2 14 9 24 6
2 3 18 5 4
2 5 13 18 4
2 4 6 7 13
2 5 18 23 24 23 1
2 9 4 5 12 2 24
2 4 19 9 0 4
2 0 21 5 26 5
2 12 9 0 4
2 14 9 15 19 12
2 9 10 1 12
2 5 26 9 17 10 5
2 11 25 5 7 4
2 5 26 25 9
2 24 21 7 1 25
2 14 5 12 25 4
2 4 13 10 9 24 18 1
2 8 19 5 25 4
2 14 26 5 3 5 18 26
2 4 10 23 3 21 1
2 4 10 26 23 3 21 5
2 14 18 24 6 12
2 9 24 1 5
2 9 26 7 0
2 4 3 0 13
2 23 5 7 1
2 0 9 26 1
2 9 12 5 12 2
2 9 15 1 1 5
2 16 7
2 9 10 24 1
2 11 9 0
2 3 1 10 15 4
2 4 25 5 12 25 1 1
2 9 23 7
2 16 15 5 1 26 9
2 1 9 4 9
2 8 24 24 5 4
2 24 9 10 4
2 3 0 13
2 4 5 4 9 1
2 5 8 19 25 4 1
2 26 13 7 12 13
2 16 9 1 9 5
2 17 5 17 5
2 5 0 1 9
2 4 26 15 0 5
2 9 26 7 4
2 12 1 0 26 13
2 4 24 26 0 1
2 4 10 12 10 25
2 0 5 1 13
2 5 9 12 0 5
2 5 26 12 25 13 13 1
2 4 7 15 0 5
2 4 13 26 0 5
2 13 18 12
2 4 10 15 8 1 12
2 5 12 5 13 2
2 14 9 8 19 25 4
2 3 13 5 18 1
2 25 24 5
2 0 15 5 15
2 26 9 24 7 0 12 4
2 14 9 7 19 8
2 24 1 3 1
2 26 0 8 7 1
2 1 4 6 4
2 20 5 24 21
2 9 6 24 12
2 16 15 5 1 26 13
2 9 18 5 24 6
2 16 9 25 9 3 23 5
2 16 9 1 24 18
2 9 15 0 9 1 26
2 16 9 13 0 23
2 4 9 12 18 4
2 5 25 3 23 13 13 5
2 26 5 12 5 18 19
2 20 21 23
2 0 26 13 12 5
2 12 19 25 26
2 16 18 9
2 7 15 3 13 12
2 4 0 9 4 4
2 5 15 12 12
2 4 15 9 9 4 26
2 20 3 24 9
2 9 3 17 5 13 1
2 26 5 1 24 0 5
2 9 24 2 19
2 0 10 10 17 4
2 26 3 23 19
2 9 24 4
2 14 10 9 24 3 4 12
2 24 9 17 4 12
2 26 19 6
2 0 13 18
2 9 13 10 26 13
2 4 10 0 12 13 12
2 5 26 18 3 5
2 0 5 25 4
2 4 9 4 5 0
2 14 12 13 18
2 14 5 21
2 5 15 5 5 18
2 4 26 5 10 12 13
2 4 26 15 15 25
2 9 25 23 5 13
2 5 10 24 1 1
2 26 5 7 5 24 12
2 9 10 12 13 1
2 12 10 0 26
2 4 15 24 1 25 26
2 5 3 24 13
2 26 1 5
2 12 24 5 2 4 5
2 16 5 3 0 5
2 11 26 26 15 0
2 24 7 1 5
2 5 26 5 9 4
2 16 5 4 12 5 10 1
2 14 12 25 13
2 5 9 26 5 5 21 13
2 1 24 7 4
2 4 15 9 3 13 5
2 7 12 25 5 26 13
2 9 7 1 6 12 5
2 25 1 12
2 1 4 5 12 4 5
2 0 12 19 5
2 4 1 24 7
2 0 5 15 25 12 5
2 26 5 12 1 15
2 25 7 24
2 1 6 18
2 14 9 15 5 9 1 0 4
2 0 1 24 18 13 12 5
2 4 15 18 12
2 4 13 7 1 5
2 14 9 24 4 4
2 16 4 5 10 12
2 0 9 1 8
2 5 9 7
2 4 10 9 0
2 10 12 13 4
2 9 12 13 1
2 5 10 5 24 17 9
2 18 9 3 9
2 14 15 5 21 24 1
2 14 9 12 5 26 1
2 3 1 5 18
2 9 15 19 12 4 12
2 5 1 24 23 26 9
2 18 9 1 25 4
2 5 21 5 24 9
2 3 3 5 24 13
2 11 9 23 5 7
2 14 9 15 25 12
2 0 19 10
2 24 6 25 13
2 5 26 5 5 21 13
2 9 13 18 12
2 0 1 9 4
2 10 5 26 1
2 26 10 12 5
2 4 9 13 24 4
2 8 9 1 0
2 4 26 12 10 0 5
2 14 0 23 5
2 4 13 4 9 12 2 3 12
2 26 12 19 5 15 4
2 4 5 2
2 18 24 12
2 0 24 9 13
2 20 17 5 4 9
2 0 1 21 12
2 9 24 25 9
2 12 5 7 12
2 7 5 7 9 15 10
2 20 23 26
2 9 15 5 6 7 0
2 5 3 9 2 9 5
2 9 15 13 5
2 4 13 4 5 4
2 9 24 24 13
2 26 5 2 12 6 13 4
2 26 5 13 5 4 26 5
2 5 15 5 24 7 1
2 9 1 7 24 5
2 17 24 19 5
2 9 3 5 1 10
2 11 9 15 1
2 10 26 1 4 0 1
2 1 18 26
2 14 26 18 24
2 24 13 13
2 16 13 0 15 4
2 23 1 25
2 9 3 1 18 5
2 18 9 25 24 4
2 5 12 10 0 5
2 9 26 5 15 9 10 4 5
2 14 4 9 26 5 26 25 23 5
2 4 7 10 25 0
2 11 5 26 1 1
2 23 23 5 7 13 1
2 3 5 18 21 12
2 5 15 26 10 12 1
2 9 1 25 5 9 1
2 5 12 5 5
2 14 9 0 1 15 4
2 12 5 23 4
2 5 26 6 7 0
2 24 5 8 9
2 14 9 7 24
2 24 19 5 25
2 4 15 25 13
2 14 9 24 5 19 10
2 26 5 24 5 18 5
2 4 15 23 0
2 5 10 12 4 5
2 17 13 15
2 9 15 4 5 10 12
2 9 26 5 9 12 10 5
2 10 10 20 17 10
2 4 9 10 12 13 1 1
2 9 7 5 24 4
2 24 5 21 18
2 14 9 24 7
2 5 10 24 3 10
2 9 3 13 5 12 13
2 23 5 25 12
2 18 19 5 4 1
2 5 13 25 5
2 16 5 4 13
2 5 13 9 24 4
2 14 9 0 24 15
2 4 26 24 6 18
2 14 9 12 9 25 10 13
2 5 9 15 19 12 13
2 4 10 3 17 7 1
2 0 9 25 26 10 13
2 1 5 10 25 12
2 16 1 24 7 5
2 14 9 7 19 5 15
2 4 10 25 2 19 9
2 0 26 9 1 25
2 0 13 5 7 26
2 26 9 25
2 22 24 0 4 4
2 3 1 10 26 26
2 5 24 5 2 9 5
2 26 5 15 24
2 4 3 1 18
2 12 9 10 25 13 12 4
2 5 13 24 23 9 5
2 26 5 1 18 26
2 5 1 9 24 23 9
2 14 9 24 19
2 12 0 13 0
2 8 7 25 9
2 12 0 23 6 7 9 1 1
2 4 10 26 9 1 1
2 9 15 15 18 9 5
2 11 9 12 18 5
2 1 25 5 1
2 16 5 2 9 5
2 4 10 9 15 19 5
2 0 5 4 26
2 14 5 12 25 1
2 5 4 5 25 24 3
2 16 19 5 0
2 16 5 13 10 26
2 18 3 15 9
2 0 9 7
2 24 5 8 12
2 9 19 12 5 12
2 4 9 23 5 7
2 24 5 8 15 12
2 24 19 5 10 5
2 0 9 24 5 26
2 24 8 18 13
2 5 24 7 0 12 5
2 5 26 25 23
2 14 9 15 24 23
2 5 24 26 1
2 4 10 13 18 1
2 9 26 5 15 5 5 18
2 9 1 25 1
2 17 13 9
2 5 24 9 18 13
2 3 5 13 18 26
2 5 1 1 12 1
2 9 15 10 25 12
2 24 5 17 7 13
2 5 12 25 13 9
2 21 18
2 14 23 5
2 14 4 9 18 9 2 15
2 9 12 5 25 1 25
2 24 9 13 0
2 16 10 12 18
2 5 18 24 6 5
2 11 5 6 7
2 9 9 5 4
2 20 8 5 25
2 4 10 9 3 18 12 1 13 5
2 14 4 9 21 19 7
2 26 5 15 18
2 4 26 5 24 0
2 5 15 5 10 9
2 4 12 9 12 1 5
2 25 18 26 5
2 23 9 7 1 5
2 16 9 0 25
2 12 5 10 4 5
2 5 25 9 2 4 12
2 26 5 12 2 12
2 0 25 13 12
2 9 21 7 5 12
2 5 12 6 0
2 14 9 15 5 25 24
2 9 4 5 3 1 18
2 16 13 1 12
2 5 4 26
2 4 9 23 3 21
2 14 26 7 15 13 5
2 26 0 15 23 1
2 16 9 1 21
2 14 10 5 26 1 5
2 24 5 25 5
2 5 1 1 1
2 9 6 5 7 5
2 14 9 12 5
2 5 18 13 25 1
2 7 10 25
2 12 5 10 1 4
2 9 0 24 13 5
2 14 25 1 5
2 0 12 26 5 10
2 9 1 25 7 13
2 16 3 9 10 5
2 26 5 9 4 12 4
2 1 24 12
2 16 5 4 9 15 1
2 16 3 0
2 26 19 24 7
2 14 4 9 10 17 15 5
2 26 5 5 21 13
2 14 9 15 4 5 10 12 5
2 26 13 7 10
2 26 5 13 8 25 13 4
2 26 25 0 5
2 0 23 19 15
2 5 26 5 24 9 23
2 3 23 19 1
2 26 5 3 4
2 14 5 12 7 4
2 4 19 12 6
2 4 3 5 23 19
2 4 25 5 13 4
2 24 26 17 15
2 12 9 0 5
2 26 24 21 1
2 26 9 25 9 13 7 4
2 16 9 1 17 15 5
2 5 24 25 19 5
2 26 5 19 10
2 14 9 13 5 26 9
2 4 13 5 13
2 24 9 23
2 16 9 10 25 12
2 14 9 10 24 1
2 24 1 5 3
2 9 26 9 0 4
2 4 12 7 15
2 24 25 0 5 5
2 14 3 17 7
2 24 23 1 13
2 4 18 25 26 1
2 5 26 13 0 5
2 11 9 15 9 18
2 14 3 17 9
2 26 5 12
2 26 5 5 21 23
2 9 15 25 12
2 14 9 6 6 5 13 13
2 16 5 12 9
2 5 9 19 10
2 0 26 7 25 13
2 26 0 6 10
2 1 24 18 26
2 4 1 2 5
2 24 5 1 2 5
2 14 9 10 12 4 26 13 4
2 12 10 25 1
2 17 24
2 9 26 24 26 17 4 5
2 0 9 1 9
2 25 5 24 9 12
2 12 9 2
2 6 18
2 4 13 10 7 12
2 0 1 21 9
2 0 15 4
2 24 21 7 13
2 5 26 7 19 25 13
2 14 9 12 25 4 12
2 9 7 9 10 5 13 5
2 14 0 24 5 13
2 24 19 10 5
2 14 9 15 23 6 4 5
2 8 18 13 4
2 5 25 18 13
2 26 1 18 5 26 5
2 24 10 13 9
2 26 9 5
2 9 5 23 25 5
2 12 6 2
2 0 15 5 19 21
2 12 5 19 10
2 9 15 25 13 1
2 24 5 15 10
2 14 5 24 13 4
2 26 9 6 2
2 4 15 5 13 0
2 7 26 19 4
2 14 9 23 9 1
2 16 9 18 13 1
2 23 24 9 4
2 9 7 5 24 12
2 0 9 10 13
2 14 26 18 24 13
2 12 9 25 10 4 12
2 0 9 21 5 4
2 14 3 5 1 10
2 14 9 13 25 4 4
2 5 25 15 18 9 5
2 14 18 24 9
2 4 26 9
2 24 6 2
2 9 1 9 1 25 1
2 14 26 13 7 12 13
2 3 13 12 12
2 4 0 8 7 4
2 24 3 17 5
2 26 3 18 12
2 16 9 0 1
2 4 15 5 6
2 12 21 1
2 14 4 9 15 9 18
2 23 1 25 5
2 0 5 12 5 5
2 9 26 25 18
2 16 5 24 7 1
2 14 9 24 9 0 13
2 9 26 5 13 25 4 5
2 4 7 26 19 5
2 9 1 21 10
2 14 26 12 25 13 13
2 4 15 23 4
2 26 5 13 9 5
2 26 0 24 9 5
2 1 8 9 13 5
2 5 15 26 1 6 18
2 20 0 4
2 16 3 1 0
2 14 4 12 5 1
2 14 9 23 6 5
2 4 9 15 5 0 10
2 14 9 24 19 4
2 9 2 5 4
2 0 18 1 5
2 0 12 13 9
2 26 5 9 4
2 4 9 13 12 18 12
2 24 17 4
2 4 15 5 13 25 1
2 4 26 25 18 15
2 14 26 5 24 21
2 4 13 3 13 18 13
2 1 6 4
2 0 9 21 5 4 12
2 9 15 12 8 23 13 12
2 24 23 25 1
2 5 10 19 4 9
2 1 5 25 13 1
2 5 9 7 0 5
2 4 18 5 25 9
2 9 15 24 4 8 5
2 16 9 24 25
2 8 9 1 9
2 3 9 5
2 12 5 10 9
2 0 24 23 26 5
2 17 9 18 10 4 12
2 4 10 12 13 13
2 14 9 23 24 1 5
2 4 18 24 6
2 25 3 23 26 4
2 4 26 18 3 12
2 0 9 1 24 1 24
2 16 9 13 24
2 14 4 4 5
2 26 0 8 7 4
2 12 2 3 4
2 24 26 17 5
2 5 13 12 26 25 9
2 12 10 0 5
2 4 25 15 13 12 5
2 20 17 0 4
2 4 10 9 0 24 9
2 9 21 9 12 13 5
2 12 3 2 13 4
2 9 25 0
2 26 9 26 25 1
2 26 9 13 5
2 14 9 25
2 4 10 24 1 4
2 4 10 5 10 24 1 9
2 26 3 15 10
2 1 10 24 4
2 16 9 3 1 18
2 11 9 13 3 23
2 14 19 17 0 4
2 26 5 26 9 13 4
2 16 5 10 26 4 1 0
2 3 18 5 13 5
2 14 9 24 0
2 17 5 10
2 26 13 7 12 13 5
2 16 9 24 23 5
2 9 24 5 8
2 14 5 0 13
2 9 25 3 23 13 13
2 5 7 9 10 5 4
2 5 26 13 5 23
2 3 2 15 5
2 14 9 1 18
2 4 1 24 26
2 5 26 24 25 9
2 16 9 10 19 25
2 0 12 10 9
2 3 1 5 24
2 11 5 19 25 26
2 9 24 25 12 5
2 9 3 24 5 9 10
2 4 5 15 9 15
2 0 13 0 1
2 9 19 15 10
2 7 8 1
2 14 9 18 25 5 19 12
2 6 5 1
2 16 5 0 25
2 9 15 9 1
2 5 9 15 9 18
2 17 12 19 9
2 14 10 9 12 0
2 4 12 19 26 5
2 14 9 24 25 5
2 24 5 9 10 4
2 4 19 21 9
2 4 15 7 26 5
2 4 10 24 5 17 7 13 12
2 4 26 5 24 9 17 4
2 9 15 12 5
2 22 24 13 15
2 18 9 1 24
2 12 10 25 1 5
2 24 1 3 26
2 14 9 19 12 0 12
2 9 15 26 25 0
2 7 12 17 9
2 3 9 24 25
2 7 9 24 5
2 9 1 25 5 13
2 25 5 12 25 12
2 26 1 4 0 1
2 12 5 0 13 25 13 5
2 4 0 17 4
2 24 4 5 8 4 12
2 26 5 23 21 5 13 4
2 5 9 26 5 26 12 3 5
2 4 10 17 15 5
2 0 9 1 15 4 5
2 14 26 5 7 5 24
2 26 5 4 1 2
2 14 9 15 5 13 25
2 4 8 9 12 19
2 14 5 4 26 12
2 14 2 24 4
2 3 13 18 26 5
2 25 9 0 13
2 14 9 26 13 4
2 0 5 1 4
2 9 13 9 5
2 24 9 8 23 9
2 9 0 15 5 25
2 22 18 5 9
2 9 24 5 10 1
2 3 7 0 13
2 4 13 5 3
2 0 5 5
2 5 26 9 1 25 9
2 14 3 23 1
2 5 26 24 5 1 2 1 5
2 24 25 0 5 4
2 3 5 4 1
2 4 26 25 24 9 5
2 26 1 5 25 26 5
2 4 9 4 15 5
2 4 3
2 14 12 25 4 1
2 4 9 15 13 26
2 16 7 12 25 4
2 26 5 12 18 13 4
2 0 25 15 0 12
2 5 7 5 10 5
2 9 24 18 13
2 14 9 26 26 15 5
2 4 9 7 26
2 5 24 25 1 1
2 9 26 19 5
2 24 5 10
2 5 15 0 5 5
2 24 23 24 23 5
2 5 13 18 5
2 14 9 10 25 7 13
2 4 9 26 26 15 5
2 9 15 9 13
2 5 17 1 10 9 5
2 4 9 4 15 1
2 4 25 5 7 15
2 4 24 21 13
2 22 5 13 0
2 9 15 5 10 26
2 3 9 13 25 26
2 26 0 12 5 13
2 4 6 1 12
2 5 4 9 19 13
2 5 10 24 5 0
2 24 4 8 26
2 9 18 9 1 24
2 12 12 8
2 25 0 24 13
2 12 13 2
2 5 1 5 1
2 4 12 19 0 12
2 9 21 9 12 13
2 14 9 25 15 4
2 26 13 9 5
2 16 9 10 9
2 5 21 24 0
2 1 5 4 12
2 21 24 0 4
2 26 9 7 25 4 12
2 14 9 24 13 5 0 5
2 1 5 24 13
2 5 3 13 18 13 1
2 24 0 9 5
2 14 5 23 5
2 4 9 1 5 8
2 26 26 12 5
2 16 9 0 12 1 5
2 5 12 25 13
2 9 3 1 18 12
2 1 8 1
2 14 18 24 6
2 4 13 7 1
2 14 9 13 25 12
2 26 5 1 18
2 24 7 1 9 5
2 26 18 1 5
2 5 8 9 1 4
2 26 7 13 25 1
2 5 25 3 23 13
2 24 9 18 25
2 9 24 23
2 9 24 9 25 18 1
2 14 9 24 9 19 5 0
2 5 7 13 25 5
2 22 7 24
2 0 13 18 12
2 14 26 0 21 1
2 16 7 1 4
2 24 13 5 25 4
2 12 3 2 5
2 16 9 13 5 9
2 15 9 18 9 1 25
2 5 1 26 10 5
2 24 5 13 25 5
2 5 3 7 5
2 14 12 5 18 12 5
2 0 10 0 12 13
2 0 26 24 13 26
2 5 26 24 5 1 2 1
2 5 8 12 13 15
2 5 1 7 5 24 5
2 14 9 15 23 6 4
2 1 24 0 13 4
2 26 12 7 15 1 5
2 14 5 12 25 1 5
2 1 24 23 10
2 2 7 12
2 16 9 24 9 17 0
2 4 24 19 18
2 9 15 1 24
2 5 15 9 4 12 0
2 4 18 5 24
2 4 1 23 15
2 4 3 7 12
2 4 7 9 5
2 3 9 2 4 12
2 16 26 15 0 5
2 12 8
2 4 13 12 5
2 8 1 4
2 5 1 26 10 9 5
2 14 26 13 25 0 1
2 4 18 25 24 12
2 14 9 2 3 12 5
2 26 19 5 13
2 26 9 15 13 9 4
2 26 5 1 24 4 12
2 4 14 4 4
2 22 24 0 5 1
2 9 24 1 25 13 5
2 14 9 25 9 25 0
2 3 18 12 10
2 16 4 5 10 5
2 4 10 26 12 7 15 1
2 26 5 9 4 15 5
2 23 7
2 14 24 1
2 14 12 7
2 0 21 5 13 5
2 12 10 5 0 26
2 26 9 18 9 1 24
2 4 19 17 0 15 5
2 14 9 12 17 10 4
2 4 13 10 9 4 5 12 0
2 16 5 4 12 12
2 17 5 15 23 24 4
2 9 5 7 4 5
2 14 5 21 18 5
2 24 13 5 0
2 9 26 12 7 9
2 12 25 13 4
2 14 26 5 9 4 1 5
2 0 25 5 15 4 5
2 0 24 9
2 18 24 4 12
2 12 2 12 2
2 4 12 0 4 5
2 4 10 9 18 25 19
2 23 5 26 13 5
2 26 5 12 18 4 12
2 12 9 19 25 4 12
2 16 5 24 7 13
2 5 15 15 24
2 9 15 25 1 1 12
2 8 19 25 13 1 5
2 16 19 1
2 14 12 18 5 13 1
2 16 5 17 5 15 26
2 3 1 10 4
2 23 25 18 1
2 14 9 0 1 5 7 13
2 26 5 13 12
2 4 24 19 10
2 9 25 24 5 25
2 18 2 5 15 9
2 14 10 9 26 5 26 1 25
2 11 25 5 7 10
2 26 12 7 15 5
2 25 2 9
2 16 10 25 13
2 4 5 24 18 4
2 24 8 5 15 5
2 5 10 17 15
2 7 5 8
2 26 25 13 7 5
2 4 0 15 23
2 7 5 15 13 12
2 4 10 26 19 26
2 9 19 0
2 4 9 25 18 13
2 26 5 23 25 4 12
2 4 1 5 2
2 5 9 23 5 25 5 5
2 9 13 18 5
2 24 9 10 26
2 23 6 5 7
2 5 0 13 8
2 9 15 9 18 12 12
2 26 25 5 1 12
2 18 9 25 5 4 12
2 4 3 9 7
2 9 15 9 6 7 0
2 26 5 17 10 12
2 4 7 12 25 12
2 4 3 9 1
2 24 9 19 25
2 0 15 18 5
2 3 9 12 9
2 14 2 5 1
2 5 9 4 9 5 12
2 1 10 5 25 4
2 7 24 6 13 13
2 5 18 9 2 9
2 26 5 10 25 15 4
2 24 5 1 10
2 13 7 12 13 1 25
2 2 15 5 3 10
2 5 13 5 23 13
2 5 18 9 24 9 5
2 8 25 5 23 12
2 14 26 12 7 15 1
2 24 5 6 0
2 26 15 18 25 13
2 14 9 15 13 0 15
2 12 5 0 25 1
2 16 9 6 24
2 24 18 5 1
2 16 18 9 5
2 14 26 12 10 0 5
2 5 15 9 15 18 13
2 18 3 15 0 5
2 14 13 7 12
2 4 13 12 25 4
2 18 1 21 0
2 24 19 17 26
2 4 13 10 21 24 0 1
2 26 12 5 26 1
2 4 12 23
2 4 26 9 21 24
2 26 24 7 1
2 5 26 13 0 12
2 4 25 5 12 25 1 0 5 1
2 26 18 13 25
2 4 26 18 1 25 5
2 25 5 15 0 26 1
2 8 5 12 5
2 26 21 23 13
2 16 15 1 12
2 24 8 23 9 5
2 0 18 1 24 0
2 4 15 5 12 26 1
2 5 24 17 9 5
2 7 9 25 0
2 9 12 12 7 1
2 16 9 1 10 5 10
2 5 12 1
2 9 12 25 5 13
2 5 18 17 9 5
2 24 5 10 18
2 26 5 23 5 7 1
2 0 13 9 12 5 18
2 9 4 5 13 3 5 23
2 16 5 4 12 10 5
2 4 15 21
2 5 8 9
2 26 7 24 0
2 14 8 19 25 13
2 5 26 0 13 8
2 24 0 13 15
2 16 13 5 0 10 5
2 5 9 12 18 5
2 9 15 5 10 13 5
2 24 5 8 4 5
2 4 12 0 13
2 25 5 24 3 12 5
2 8 19 5 25 5
2 26 7 10 5 26 1
2 4 10 9 3 17 7 1
2 14 9 24 4 12 5
2 24 5 1 18 1 5
2 0 5 1 13 12
2 9 9 9 9 5
2 24 9 13 25
2 5 12 1 2
2 14 9 3 12 5 13
2 9 12 18 13
2 0 24 23 9
2 12 6 13 5
2 7 5 15 12
2 11 9 5
2 26 5 15 24 23
2 5 24 13 6
2 5 19 0 5
2 26 5 1 25 7 13 1
2 4 9 13 24 1
2 4 10 15 5 21 24 12
2 24 4 21 9 4 5
2 26 24 1 3
2 5 15 5 10 26
2 5 26 21 18 5
2 5 13 12 18 26 9 5
2 4 5 21 13 4
2 26 0 21 1
2 5 17 0 13
2 26 9 15 25 1
2 26 9 26 0 5
2 26 5 15 5 6 4
2 26 9 15 1 13
2 26 7 26 4
2 24 19 0 5
2 5 13 13 5 24
2 5 24 2 17 9 5
2 4 15 5 13 25 5
2 26 18 8 13
2 16 13 2 24 0 5
2 26 5 24 5 0 13
2 24 9 15 0
2 14 3 5
2 14 18 1 5
2 4 9 25 5 26
2 9 23 5 7 13
2 4 0 13 21 4
2 24 5 13 0
2 5 0 12 19 1
2 9 12 9 19 15
2 20 5 18 12
2 9 25 5 3 23 1 5
2 4 13 4 13 18
2 9 15 5 25 12 1
2 16 9 3 5 3
2 0 25 9 0 1
2 11 12 4 26 12 5
2 0 1 24 18 13 12
2 8 19 25 13 5 5
2 24 3
2 22 23 25 9
2 14 4 9 12 18 12
2 5 13 9 25 9
2 16 9 9 4
2 24 6 18 12 0 12
2 4 13 7 15 0 5
2 24 5 10 6 9
2 16 9 1 4 9
2 26 5 15 19 12
2 12 6 24 1 1
2 14 9 15 23 6
2 4 7 5 24
2 26 5 10 12 13 1
2 18 5 13 25 12 5
2 24 19 5 10
2 16 9 12 13
2 14 5 12 25 1 0
2 18 5 6 26
2 14 26 0 24 1
2 24 2 4 5
2 25 5 24 3 12
2 5 7 5 24 12
2 5 24 21 5 0
2 11 5 24 1 12
2 24 13 0 5 12
2 14 26 5 24 5 3 1
2 5 12 18 5
2 18 25 24 9
2 5 24 9 8 23 9
2 5 13 5 9
2 5 24 5 0
2 9 15 1 5 12
2 26 5 21 18
2 5 15 24 6 5 18 12
2 24 21 1 13
2 26 25 24
2 24 5 25 4
2 4 18 1 25 12
2 14 7 24
2 12 12 4 12 5
2 20 9 8 13 5
2 9 15 3 18 1
2 5 24 13 25 13 5
2 16 2 25 24 19
2 1 5 7 24
2 24 21 15
2 9 4 5 19 15 0
2 16 18 21
2 9 19 12 0
2 4 5 21 13
2 4 26 23 23 7
2 4 13 7
2 3 9 1 4
2 1 9 24 26
2 9 18 24
2 14 9 1 10 5 24 4 5
2 14 9 24 25 18 12
2 11 9 24 1 3
2 5 26 18 5
2 14 9 13 4 5
2 9 4 5 1 0 12
2 5 21
2 5 26 5 19
2 4 12 1 0
2 5 12 12 12 5
2 14 25 2 4
2 18 1 25 1
2 16 1 0 5
2 4 9 0 21 0 21
2 11 9 4 5 12 0
2 4 13 4 1 4
2 0 12 12 13
2 4 24 3
2 5 15 9 3 9
2 7 25 4 12
2 14 9 0 21 5 9
2 11 3 9 13
2 14 9 24 1 3 1
2 26 25 1
2 18 1 24 0 12
2 16 5 13 4 5
2 24 2 4
2 4 25 18 13 4
2 6 9
2 24 13 5 9 5
2 14 4 9 13 18 19
2 0 3 7
2 23 7 24 9
2 26 9 10 1 5
2 26 5 24 10 26
2 18 5 13 25
2 4 21 23
2 14 4 9 26 5 13 25
2 3 1 5 26
2 5 26 12 5 6
2 26 7 15 13 10
2 17 5 0 13 12 5
2 0 26 19 12 7 12
2 4 9 15 1
2 9 18 1 21
2 26 7 25 5
2 5 18 2 13
2 16 5 13 4 1 5
2 5 1 5 26 10 9 4
2 5 19 9 17 5 9
2 14 9 19 5 25
2 4 26 24 18 2
2 17 13 4 12
2 14 26 8 1 4
2 26 5 13 4 1
2 12 10 13 5
2 18 26 19
2 5 19 17 0 4
2 14 12 5
2 4 26 3 1 18
2 16 15 5 7
2 4 15 13 12
2 4 6 7 4
2 9 26 23 7
2 9 12 1 23 26
2 24 13 0 5 9
2 9 12 2 3 12
2 14 9 13 13 5 24 13
2 4 1 9 24 13
2 0 10
2 0 6 7
2 9 24 1 3 12 5 1
2 14 9 15 19 5 0 4
2 24 19 5 17
2 25 5 15 0 1
2 26 10 5 24 19
2 9 12 10 12
2 4 12 5 2 1
2 4 23 25 13
2 16 26 19
2 18 9 15 10 4 12
2 4 10 10 24 1 9
2 1 25 7 26 15
2 14 24 6 10 5
2 11 9 19
2 14 5 23 26
2 4 8 19 25 13
2 23 12 7 26
2 24 1 2 4
2 26 13 10 7
2 9 15 26 18 3 5 4
2 26 7 19
2 9 5 12 5
2 5 17 1 10 9
2 3 5 1 18 12
2 0 5 1 1 5
2 4 18 24 12
2 12 7 15 12
2 4 13 13 5 24 15
2 14 9 0 5 21
2 11 19 0 1
2 16 8 1
2 25 9 0 1 12
2 5 4 1 24 18 26
2 4 15 23 13
2 4 26 25 24 3 5
2 14 9 24 5 1 2 5
2 4 1 5 2 5
2 5 3 9 2 4 5
2 11 24 1 3
2 12 5 10 12 12 5 12
2 5 10 24 1 9 5
2 26 18 2 12
2 9 12 7 15
2 4 26 7 23 12 5
2 14 4 9 12 18 4
2 26 5 19 5 23 26 5
2 26 0 24 23 12
2 4 26 24 10 4
2 5 7 5 10 1
2 4 12 7 15 12
2 9 5 23 13
2 4 3 5 26
2 12 1 26 13
2 0 26 15 9 3 13 1 5
2 0 23 18
2 4 12 2 0 5
2 22 15
2 21 23 13
2 14 9 24 7 1
2 22 24 0 4 12
2 9 15 26 10 13 17
2 4 8 9
2 4 26 9 1 1
2 5 26 7 26
2 4 26 3 17 9
2 0 12 5 10 5
2 9 3 5 13
2 12 5 19 15 12
2 4 26 25 9 0 1
2 22 18 5
2 12 0 1 5
2 5 1 24
2 3 5 2 1 12
2 5 15 10 19 5 25 26
2 18 5 21 23 13
2 4 13 19
2 4 13 6 12
2 16 9 21 23
2 22 5 13 0 5
2 14 9 0 24 5 15 4
2 5 15 5 21 24 13
2 14 5 23 9 5
2 12 5 10 10 5
2 25 5 9 24 3
2 16 5 24 25 18 4
2 5 15 9 3 18 21
2 0 9 1
2 5 0 26 26
2 24 18 9
2 5 24 10 6 9
2 4 13 7 5
2 3 18 5 13 4
2 26 1 21 15
2 4 26 1 6 18
2 14 15 5 13 4
2 26 0 6 1
2 14 9 7 24 9
2 13 18 5
2 12 1 15 5
2 14 24 13 18
2 12 12 7 4
2 16 10 26
2 4 24 7 5
2 18 9 1 25 9
2 0 12 5 3 2 4
2 16 13 25 5
2 24 5 8
2 16 5 21 24 4
2 0 4 24 19 25
2 4 15 12 2 4 5
2 24 5 21 7
2 4 13 10 9 24 18 12
2 4 10 26 5 0
2 0 13 5 9 1 5
2 16 25 1
2 4 5 4 0 5
2 11 13 0
2 9 3 1 5 18
2 4 26 5 24 9 0 4
2 9 15 5 13 10 5 13 10
2 0 5 1 13 1
2 26 13 25 0
2 9 15 25 13
2 4 15 0 5 5
2 24 5 1 25 0
2 9 25 15 0 1 5
2 3 5 13 18 5
2 4 0 5 1 0
2 5 3 1 0 5
2 4 25 15 13 5
2 16 5 18 5
2 17 9 19 10 5
2 12 19 26 5
2 12 13 7 26
2 11 1 5 8
2 16 9 6 7
2 0 25 13 4
2 4 15 5 25 9 24 4
2 9 24 13 0 12
2 14 9 24 19 17 13
2 24 1 18 12
2 9 15 5 18
2 12 18 1 5
2 20 24 21 13 1
2 11 9 15 9 18 1
2 4 18 25 24 5
2 22 5 19 23 9
2 24 5 1 18 1 4
2 9 19 15 0 5
2 18 9 25 24 4 12 5
2 5 18 13 5 25
2 3 18 4 1
2 12 9 0 12 5
2 16 5 10 15 13
2 26 9 15 1 26 5
2 26 13 6 13
2 5 9 21 0 15 13
2 11 24 1 12 4
2 4 26 5 23 7
2 26 0 5 12
2 14 2 1
2 4 14 4 1
2 4 24 19 4
2 16 9 13 9 4
2 4 1 18 26
2 5 15 9 13 0 4
2 26 12 0 25 5
2 26 5 21 13 4
2 14 9 1 9 25 13 5
2 24 26 5 26
2 4 26 24 4 8
2 5 0 25 13
2 14 3 0 4 5
2 14 4 9 24 1 5 18
2 5 26 13 7 12 13 1
2 16 3 18 5
2 3 1 18 0
2 4 18 3 5
2 4 2 15
2 12 19 25 9
2 24 5 24 19 4
2 14 4 9 15 25
2 0 5 4 12 13
2 26 25 23
2 9 12 4 0
2 11 17 15 4
2 26 10 24 1 5
2 4 26 5 13 9 23 4
2 14 9 3 2
2 1 10 25 5
2 5 3 5 4
2 5 18 2 9
2 26 5 12 5 18 12 5
2 4 10 9 26 5 0 12 19 15 1
2 9 19 12 4
2 4 9 12 7 5 15
2 12 1 26 5
2 14 5 9 12 5
2 9 15 9 13 9
2 14 7 24 9 5
2 4 26 9 3 19
2 5 19 9 15 9 5
2 5 13 9 24 9 5
2 4 24 5 26 4 5
2 4 5 4 12 5
2 12 3 7
2 4 13 8 19 25 13 10
2 26 12 12 13
2 0 5 4 1
2 26 9 1 12 5
2 4 26 1 25 5
2 14 10 12 5
2 25 24 3 13
2 26 5 18 1 2 4 5
2 3 25 10 19 24 0
2 5 3 9 18 9
2 24 17 5 13 5
2 16 5 4 9 13 3 5 23
2 0 15 8 12 25
2 9 15 1 12 4
2 14 9 15 13 17
2 14 9 23 4 12 5
2 16 19 3 2
2 5 9 26 5 15 5 5 18
2 0 9 21 5 9
2 4 13 10 7 5
2 5 4 12 18 4 5
2 4 12 18 13 12 13
2 16 9 10 4 1
2 4 9 15 15 7
2 16 5 1 15 5
2 14 9 24 18 15
2 12 10 1 12
2 7 13 25 5
2 9 0 1 5
2 26 5 13 6 13 5
2 9 10 24 3 1 5
2 0 1 8
2 14 9 13 12 0
2 5 1 21 9 26 9
2 26 18 5 24 26
2 14 21 18 1
2 9 21 23 5
2 5 9 24 19
2 26 5 8 4 12
2 9 13 10 7
2 0 24 9 5
2 23 6 7 4
2 16 9 23 9 6 5
2 4 12 26 13
2 0 21 5 13 12
2 18 5 21 23 13 4
2 4 26 24 21 5
2 4 15 5 25 24 1
2 26 12 18 1
2 12 5 10 12 5 12
2 1 24 7 5
2 3 1 18 26 9
2 16 0 5 21
2 0 4 9 19 15 0
2 9 1 0 12
2 5 13 24 7 12
2 9 26 24 26 5
2 5 24 18 1 9
2 5 12 12 4 26 9
2 14 15 7
2 5 1 5 8
2 5 18 26 18 26
2 11 1 24 23 1
2 4 13 7 24
2 3 7 0 12
2 4 5 25 26
2 5 15 18 2 9
2 9 12 12 7 5
2 4 12 9 7
2 9 13 12 5
2 4 15 5 1 12 1
2 12 13 18 5
2 16 5 24 1 7
2 4 13 10 9 24 18
2 0 9 18 9 25 24
2 0 26 26
2 20 9 8 4
2 26 12 5 2
2 14 9 8 7 4
2 4 26 24 7
2 4 13 0 5
2 24 6 5 25 13
2 9 5 5
2 9 15 0 12
2 9 0 24 9
2 26 5 24 25 18 5
2 24 5 10 13
2 9 25 5 15 0 5
2 26 18 5 24 26 5
2 20 5 17 12 5
2 11 24 5 0 1
2 3 1 5 0 4
2 4 1 24 18 1
2 1 0 12
2 26 23 3 21 1
2 9 12 2 24 5
2 4 0 24 26
2 14 9 15 25 1 1 1
2 4 10 9 24 5 4
2 4 24 5 24 1
2 16 25 3 4 12 5
2 25 15 18 9
2 9 15 19 1
2 16 15 5 1 13
2 7 19 5
2 4 13 10 24 17
2 12 5 19 9
2 5 26 24 0 19 26 5
2 11 26 23 3 21 1
2 20 9 17 5 26
2 4 26 21 13 0
2 11 7 5 10
2 11 4 9
2 9 15 26 13 7 15
2 3 9 2 9
2 22 5 1 23 0
2 5 3 5 3 9
2 4 15 25 12
2 11 26 23 3 21
2 0 15 25 12
2 16 5 5 18 13
2 5 12 10 0
2 14 5 9 1 1
2 0 9 25 15 4
2 26 7 26 25
2 4 15 5 10 15
2 16 9 10 9 1 1
2 5 15 19 9 5
2 4 26 5 12 25
2 26 12 5 0 5
2 26 9 18 9 1 24 4
2 24 2 5
2 26 5 18 5 1 25
2 0 1 26 10
2 9 24 5 8 1
2 16 9 13 9 12 5
2 5 3 17 5 15
2 4 1 10 24 13
2 0 9 6 24 19
2 2 5 24 4
2 20 9 17 5 4 12
2 5 5 7 26 25 4 5
2 3 7 19 12
2 0 5 6 7 1
2 5 21 7 24 9 5
2 26 5 7 1 25 26
2 5 15 7
2 9 1 9 3 15
2 9 26 1 25 7 15
2 0 24 18 13 1
2 26 9 15 25 1 5
2 4 7 15
2 4 13 4 9 26 5 1 25 5 13
2 9 1 25 5
2 26 7 24 5 19
2 26 12 18 5
2 26 5 7 5 12 1
2 18 25 24 12 12
2 26 7 13 25 12
2 5 26 5 0 5
2 26 9 7 24 6 13 4
2 9 5 0
2 5 12 10 0 9 5
2 16 9 24 25 18
2 16 13 26 12
2 16 4 5 10 13
2 9 5 23 13 5
2 9 25 0 24 1
2 5 26 5 7 0
2 16 4 5 10 4 5
2 4 6 9
2 14 26 9 7
2 25 23 1
2 24 23 1 5
2 0 9 1 12
2 24 1 25 26 5
2 14 15 5 21 24
2 5 12 10 0 5 26
2 16 13 3
2 26 5 9 15 18 26
2 5 4 15 25 13 5
2 26 9 5 2 1
2 12 9 3 1 4
2 7 12 25 12
2 21 23 1 5
2 4 15 18 5 4
2 4 12 19 0 13
2 5 12 5 19 9
2 0 9 4 25
2 14 9 25 1 10 5
2 1 25 7
2 14 0 9 10
2 14 9 12 2 12 2 4
2 14 4 9 15 7 13
2 4 10 26 7 13 25
2 4 10 26 13 7 5
2 14 9 17 5 17
2 0 5 2
2 14 13 7 15 9
2 26 5 23 24 6
2 14 26 12 10 25 4
2 16 9 1 4
2 9 5 2 5
2 16 7 12 5 25 4
2 20 5 23 25 13 4
2 26 9 19 7
2 14 0 5 15
2 7 9 26 19
2 23 5 23 7
2 14 9 26 9 3 19 5
2 26 5 3 19 1
2 5 4 7 12 25 9
2 26 9 24 1 5 5
2 12 0 24 25 9 4
2 4 1 5 7
2 4 26 9 4 15
2 11 12 4 13
2 14 10 4
2 0 15 23 13
2 1 25 7 26 9
2 5 12 25
2 26 5 3 5 4 12
2 0 19 17 0
2 5 24 9 23
2 26 5 24 4 15
2 11 12 4 12
2 12 23
2 7 10 5 15
2 0 9 2 17
2 5 25 9 13 9
2 0 18 24 26 1
2 26 5 26 1 25 4
2 4 10 15 8 1
2 18 9 19 5 4 12
2 16 5 21 24 12 5
2 14 26 0 8 7
2 9 13 21
2 0 9 19 12
2 20 17 5 15 4
2 16 5 3 1 9
2 20 12 0 13
2 5 9 15 1 12
2 5 12 12 5 2 26 9 5
2 9 18 13 5 25 5
2 0 12 19 4 1
2 12 5 1 8 9
2 24 5 10 1 4
2 14 9 25 0 24 4 5
2 25 5 1 12
2 4 13 10 5 26 1
2 3 13 7 15
2 4 10 26 0 5 1 26
2 5 13 23 5
2 5 15 7 1 6 26
2 16 3 12
2 4 10 9 3 17 7 12
2 14 9 8 1 25 4
2 11 19 0
2 26 13 10 7 1 5
2 1 24 23 13
2 26 5 12 9 12 18
2 14 9 0 12 13 5
2 12 0 5 1
2 5 3 2 15 12
2 0 12 13 15
2 9 1 5 8 12
2 26 13 5 4 5
2 9 12 18 1 5
2 16 10 26 13
2 24 13 6 12
2 4 26 1 7
2 18 25 26 5
2 5 23 1 3
2 9 1 9 24
2 7 21 15 12 5
2 9 23 9 6 7 13
2 14 9 3 9 21 5
2 26 12 5 6 5
2 4 15 1
2 16 9 18 1 25
2 4 25 9 0
2 5 15 7 5
2 0 18 25 24 5
2 26 0 25
2 26 5 0 12 19
2 14 24 1 5 18
2 14 9 7 3 15
2 4 12 23 26 0
2 26 25 26
2 16 9 12 12 18
2 26 5 24 5 3 5
2 14 9 0 2
2 5 8 5 13 9
2 14 4 9 3 18 5 13 1
2 23 6 7 26 4
2 4 24 13 6 0
2 26 0 1 5
2 5 15 12 12 4 0
2 4 24 4 8 5
2 5 21 7 5
2 23 3 23 5 3 13
2 14 3 26
2 5 7 12 2 9
2 12 18 24 25 19
2 14 9 3 2 1 5
2 11 12 4 26 9
2 5 21 23
2 26 5 12 0 1
2 14 9 18 24 10 4
2 24 3 4 1
2 5 1 4 9 5
2 26 5 15 18 1 5
2 24 5 3 13
2 4 10 26 0 15 23
2 26 18 1 21 0
2 14 12 25 3
2 26 5 7 5 1 25 26 5
2 3 12 5 9
2 7 5 12 25 12
2 14 9 9 26 25 12 19
2 24 1 3 13 10
2 14 9 24 8 5 25 5
2 16 5 3 1 0 5
2 0 21 13 15
2 4 19 21 0 5
2 13 5 9 1
2 25 24 5 3 5
2 7 10 25 0 5
2 0 26 9 1
2 9 12 0 1
2 4 0 13 8 4
2 10 12 13 12
2 3 12 5 0 5
2 5 24 19 9 5
2 26 18 23 1
2 5 12 7 15 9
2 9 1 10 5 10
2 12 10 5 0
2 18 2 15 1 5
2 24 18 25 4 5
2 4 9 12 18 5
2 4 23 25 5 13 4
2 24 1 18 5
2 4 5 6 7 1
2 5 6 5 4
2 9 18 9 25 24 13
2 12 9 18 5 4 12
2 4 18 3 9
2 11 15 12 0 25 0
2 26 26 15 0
2 7 0 4
2 4 9 12 18 13
2 5 15 15 5 12 26 4
2 12 5 8 9
2 4 23 18
2 4 13 0 1 5
2 4 10 15 1
2 4 3 5 15
2 5 26 13 24 18
2 18 2 5 15 4
2 26 19 25 1
2 14 15 9 9 5
2 22 9 7 4
2 6 9 18 4 12
2 12 5 0 25 12
2 16 12 1 23
2 26 5 24 5 1 2 1
2 24 1 5 18
2 4 3 18 4 4
2 23 3 21 26
2 26 24 25 13 1
2 26 5 19 24 1
2 4 10 12 1
2 1 21 9 26 9
2 12 10 9 4 4
2 14 9 1 3 15 4
2 14 9 13 13 5 25 4
2 5 26 3 18
2 9 4 5 12 18 5
2 5 12 19 15 5
2 11 24 1 4
2 14 26 25 2 1 5
2 16 5 24 5 18
2 14 10 21 24 0 1
2 3 9 2 4
2 16 5 6 7 4
2 0 12 12
2 9 15 12 18 0 5
2 14 9 15 1 5
2 5 15 15 9 0 5
2 14 9 25 12 25
2 14 3 0 13
2 24 10 13 15 5
2 5 21 5 12 7 9
2 12 6 13 1
2 5 0 15 25
2 14 5 24 1
2 26 9 1 9
2 14 26 5 9 7 12
2 4 10 26 15 5 13 0
2 5 15 26 15 9
2 5 9 4 15
2 25 0 12
2 0 18 24 6
2 16 13 25 4
2 3 1 10 9
2 0 9 5 25
2 14 9 23 7 4
2 24 26 17 4
2 26 5 21 24 0 5
2 18 2 15 13
2 5 3 1 18 5
2 1 7 5 24
2 14 9 3 5 13 18
2 16 25 18
2 16 1 12 5
2 0 7 12 13
2 5 0 25 9 18
2 9 5 12 4
2 16 9 13 9 13
2 21 23 12
2 9 13 24 5
2 26 5 24 0 1 4
2 24 26 9 5
2 14 9 15 25 1 1
2 4 12 5 3 2 5
2 24 18 25 1
2 14 9 0 9 1 15
2 5 3 23 19 9
2 25 5 24 3 26
2 5 12 10 0 9
2 4 15 5 25 9 0 24 1
2 26 5 1 24 7
2 12 5 25 10 13
2 0 9 2
2 23 26 15 4
2 4 10 15 0 5 21
2 5 26 19 5 23 26
2 14 9 9 5 12 12 5
2 16 9 24 13 0
2 20 5 3 24 12
2 16 5 21 4 5
2 12 12 25
2 16 4 10 4
2 0 24 10 3
2 26 5 15 6 12
2 14 9 24 5 24 13 12
2 24 19 12
2 9 26 9 0 5
2 4 25 3 7 4 4
2 4 13 6 5
2 12 5
2 14 9 1 24 23
2 16 5 24 7 1 5
2 11 3 23 19
2 26 1 25 5 13
2 4 15 18 13 5
2 4 10 12 0
2 0 18 24 26 1 5
2 14 0 15
2 24 9 13 4 12
2 24 25 0 5 12
2 9 26 15 9 2 15
2 4 13 26 24 4 8
2 14 4 9 15 19 13
2 5 4 9 7 0 12
2 14 9 19 5 3 2
2 4 13 3
2 24 25 15 10
2 24 13 5 18
2 11 3 1 18 12
2 5 13 9 12 25 9
2 0 12 5 1 13
2 0 21 5 9
2 24 4 1
2 1 24 18 26 13
2 4 13 25 0 12
2 14 26 5 26 5 0 1
2 26 5 23 12 7 13
2 5 1 12 5
2 12 10 10
2 24 9 19 17 4
2 5 9 26 5 15 19
2 16 9 24 26 5
2 14 5 7 5 24
2 14 9 5 25 18
2 14 9 9 7 12
2 5 2 5 25 9
2 26 24 9 18 26 0
2 5 24 5 18
2 5 15 9 26 5 24 5 3
2 1 17 13 12 5
2 0 12 9 12 10 5
2 4 13 26 0 13 8
2 26 9 9 7
2 26 19 5 23 26 5
2 16 5 19 21 1 25
2 16 5 13 4 13
2 5 15 9 26 19 25
2 24 5 8 15 9
2 16 5 10 13
2 9 23 15
2 26 5 25 24 12
2 12 4 23 5
2 24 19 17 1 13 5
2 4 10 1 1 5
2 9 3 10 5 12
2 0 26 9 6 24 19
2 4 9 7 12 5
2 9 26 12 0 25
2 26 24 18 2
2 24 10 3
2 5 1 25 9 5
2 14 9 12 1 7 5
2 24 1 5 7
2 9 10 12 13 5
2 24 23 9 1
2 4 10 26 13 10 7
2 11 5 18 3 9
2 12 5 25 10 13 12
2 0 25 9 3 23 5
2 17 5 1 10
2 24 5 4 8 4
2 24 1 25 15
2 0 25 9 24 19
2 16 5 9 6 7
2 14 26 5 9 4 1
2 9 13 7 12
2 0 5 12 5 13
2 0 9 26 9 26 25
2 26 9 24 4 5
2 7 24 19 5
2 26 5 13 5 4 13
2 16 3 9 10 4
2 1 8 9 4
2 14 24 1 0 5
2 14 9 13 9 5
2 14 18 4 12
2 14 9 13 12 18 12
2 1 7 24 13 12
2 24 9 15 26
2 5 26 1 4 0
2 4 9 24 5 24 18 25 5
2 5 0 13 8 9 5
2 4 24 23 13
2 11 0 12 19
2 24 13 0 1
2 18 25 24 1
